0 0.7640625 0.55859375 0.0375 0.028125
0 0.01875 0.64609375 0.0375 0.0328125
0 0.63671875 0.51328125 0.0359375 0.028125
0 0.70703125 0.559375 0.03671875 0.02890625
0 0.83046875 0.55234375 0.03984375 0.03125
0 0.8828125 0.50234375 0.04296875 0.03125
0 0.7609375 0.509375 0.03828125 0.028125
0 0.07578125 0.63984375 0.04375 0.03125
0 0.81796875 0.50390625 0.03828125 0.02890625
0 0.07109375 0.01171875 0.0390625 0.0234375
0 0.29453125 0.5734375 0.03515625 0.02734375
0 0.2859375 0.621875 0.03515625 0.02734375
0 0.640625 0.5671875 0.03828125 0.03046875
0 0.19375 0.63359375 0.0375 0.02890625
0 0.403125 0.35078125 0.015625 0.0609375
0 0.9375 0.21484375 0.03671875 0.03359375
0 0.11796875 0.11015625 0.03359375 0.03125
0 0.1375 0.63359375 0.04140625 0.03046875
0 0.45625 0.24609375 0.01640625 0.0703125
0 0.45390625 0.11015625 0.01796875 0.0828125
0 0.490625 0.12734375 0.01640625 0.06640625
0 0.50234375 0.43515625 0.0171875 0.06875
0 0.3734375 0.54921875 0.01640625 0.06640625
0 0.37109375 0.2015625 0.015625 0.06484375
0 0.40234375 0.70078125 0.01875 0.0796875
0 0.51953125 0.140625 0.01484375 0.0578125
0 0.37890625 0.5453125 0.01796875 0.0671875
0 0.96484375 0.49765625 0.04375 0.03125
0 0.24140625 0.621875 0.0328125 0.028125
0 0.69765625 0.5046875 0.0484375 0.03203125