0 0.7640625 0.559375 0.0375 0.028125
0 0.01875 0.64609375 0.03671875 0.03203125
0 0.70625 0.559375 0.03671875 0.02890625
0 0.7609375 0.50859375 0.03828125 0.028125
0 0.82890625 0.55234375 0.040625 0.03125
0 0.8828125 0.50234375 0.0421875 0.03125
0 0.63671875 0.51328125 0.0359375 0.028125
0 0.28515625 0.62421875 0.034375 0.028125
0 0.29375 0.57421875 0.0359375 0.02734375
0 0.8171875 0.50390625 0.03828125 0.02890625
0 0.07109375 0.01171875 0.0390625 0.0234375
0 0.640625 0.5671875 0.0390625 0.03046875
0 0.19296875 0.634375 0.0375 0.02890625
0 0.1375 0.634375 0.0421875 0.03125
0 0.07421875 0.640625 0.04453125 0.03203125
0 0.4515625 0.03046875 0.01875 0.0609375
0 0.49765625 0.3953125 0.015625 0.06484375
0 0.40078125 0.56015625 0.015625 0.0609375
0 0.9375 0.21484375 0.03671875 0.03359375
0 0.45625 0.24609375 0.0171875 0.0703125
0 0.1171875 0.11015625 0.03359375 0.03203125
0 0.37265625 0.5 0.0171875 0.07109375
0 0.53046875 0.415625 0.01875 0.0828125
0 0.5015625 0.7875 0.0171875 0.071875
0 0.40390625 0.75546875 0.01640625 0.06328125
0 0.23984375 0.6234375 0.03359375 0.025
0 0.534375 0.84140625 0.015625 0.06640625
0 0.3765625 0.94453125 0.0171875 0.065625
0 0.69765625 0.503125 0.04765625 0.0375