0 0.01875 0.64921875 0.0375 0.03046875
0 0.7609375 0.51015625 0.0375 0.02734375
0 0.7640625 0.559375 0.0359375 0.02734375
0 0.8296875 0.55390625 0.040625 0.03125
0 0.8828125 0.503125 0.04296875 0.03203125
0 0.28828125 0.6265625 0.03515625 0.028125
0 0.70703125 0.5609375 0.0359375 0.028125
0 0.078125 0.6453125 0.04375 0.03125
0 0.6375 0.51484375 0.03515625 0.028125
0 0.07265625 0.01640625 0.0390625 0.03125
0 0.29609375 0.57734375 0.03515625 0.028125
0 0.64453125 0.56875 0.0375 0.0296875
0 0.95390625 0.209375 0.03515625 0.0328125
0 0.81484375 0.509375 0.0375 0.028125
0 0.3703125 0.0234375 0.01640625 0.04609375
0 0.24296875 0.6328125 0.03515625 0.02578125
0 0.40078125 0.03671875 0.01640625 0.06484375
0 0.45625 0.25 0.01640625 0.06953125
0 0.11875 0.11796875 0.03359375 0.0328125
0 0.453125 0.11640625 0.01796875 0.08203125
0 0.540625 0.98359375 0.01796875 0.03203125
0 0.371875 0.4671875 0.01640625 0.0671875
0 0.37578125 0.79609375 0.015625 0.0640625
0 0.1921875 0.63671875 0.03515625 0.0328125
0 0.13671875 0.6390625 0.04296875 0.0390625
0 0.40625 0.68671875 0.01484375 0.08671875
0 0.69609375 0.50859375 0.0484375 0.0328125
0 0.96796875 0.50078125 0.0484375 0.04609375