0 0.0203125 0.65390625 0.0390625 0.03125
0 0.7640625 0.5578125 0.0375 0.02890625
0 0.82890625 0.55078125 0.03984375 0.03046875
0 0.8828125 0.5 0.04296875 0.03203125
0 0.70703125 0.559375 0.03671875 0.028125
0 0.07890625 0.64765625 0.04375 0.03125
0 0.76015625 0.50859375 0.03828125 0.028125
0 0.63828125 0.5140625 0.034375 0.028125
0 0.8171875 0.503125 0.03828125 0.0296875
0 0.2875 0.628125 0.03515625 0.028125
0 0.29609375 0.57890625 0.03515625 0.028125
0 0.1390625 0.6453125 0.04296875 0.03203125
0 0.071875 0.01875 0.0390625 0.03203125
0 0.9578125 0.20546875 0.0359375 0.03125
0 0.640625 0.56796875 0.03828125 0.03046875
0 0.2421875 0.63046875 0.03359375 0.02578125
0 0.190625 0.63671875 0.03515625 0.0296875
0 0.11875 0.1203125 0.03515625 0.03359375
0 0.45546875 0.2515625 0.01640625 0.0703125
0 0.44765625 0.025 0.0234375 0.05
0 0.45234375 0.11640625 0.01875 0.08203125
0 0.53828125 0.840625 0.0171875 0.06875
0 0.378125 0.82109375 0.01796875 0.06875
0 0.4046875 0.646875 0.0171875 0.0671875
0 0.52890625 0.434375 0.0171875 0.06484375
0 0.38359375 0.82890625 0.01875 0.06796875
1 0.078125 0.09296875 0.04375 0.03359375
0 0.9640625 0.49453125 0.04453125 0.03203125