0 0.34921875 0.01953125 0.03125 0.0375
0 0.43984375 0.7640625 0.028125 0.0375
0 0.48984375 0.7609375 0.028125 0.0375
0 0.44609375 0.8296875 0.03125 0.040625
0 0.49765625 0.8828125 0.03125 0.040625
0 0.4390625 0.70703125 0.028125 0.034375
0 0.3734375 0.28828125 0.028125 0.034375
0 0.3546875 0.078125 0.03125 0.04375
0 0.48515625 0.64140625 0.028125 0.034375
0 0.984375 0.071875 0.03125 0.0390625
0 0.42265625 0.296875 0.028125 0.034375
0 0.78984375 0.95078125 0.03125 0.0359375
0 0.43125 0.64453125 0.0296875 0.0375
0 0.490625 0.81484375 0.028125 0.0375
0 0.74921875 0.45625 0.071875 0.015625
0 0.8828125 0.11875 0.03125 0.034375
0 0.6515625 0.37265625 0.06875 0.015625
0 0.88359375 0.453125 0.0828125 0.01875
0 0.3671875 0.2421875 0.025 0.034375
1 0.48671875 0.69453125 0.03125 0.046875
0 0.32421875 0.37421875 0.065625 0.015625
0 0.65703125 0.37734375 0.06875 0.01875
0 0.35703125 0.13828125 0.03125 0.04375