0 0.82890625 0.553125 0.040625 0.03046875
0 0.7640625 0.559375 0.03671875 0.02734375
0 0.01953125 0.64921875 0.0390625 0.03359375
0 0.0765625 0.64375 0.04375 0.0328125
0 0.88359375 0.503125 0.0421875 0.03203125
0 0.76171875 0.509375 0.0375 0.02734375
0 0.70703125 0.56015625 0.0359375 0.028125
0 0.2875 0.625 0.03515625 0.02734375
0 0.0703125 0.01328125 0.0375 0.0265625
0 0.6375 0.5140625 0.03515625 0.028125
0 0.18984375 0.6359375 0.0359375 0.0296875
0 0.296875 0.575 0.034375 0.02734375
0 0.81796875 0.5046875 0.03828125 0.02890625
0 0.64140625 0.56796875 0.03828125 0.0296875
0 0.9375 0.2140625 0.03671875 0.03359375
0 0.07421875 0.0859375 0.04140625 0.03046875
0 0.240625 0.62578125 0.0328125 0.025
0 0.45625 0.2484375 0.01640625 0.0703125
0 0.11875 0.115625 0.03359375 0.03203125
0 0.4015625 0.51015625 0.01640625 0.06953125
0 0.453125 0.11328125 0.01875 0.08203125
0 0.37265625 0.546875 0.0171875 0.0625
1 0.96484375 0.49765625 0.04375 0.03125
0 0.5078125 0.79453125 0.01796875 0.08046875
1 0.69453125 0.5125 0.0453125 0.03125