0 0.2359375 0.55859375 0.0375 0.028125
0 0.16953125 0.55234375 0.040625 0.03125
0 0.3625 0.51328125 0.0359375 0.028125
0 0.98125 0.64609375 0.0375 0.0328125
0 0.2390625 0.509375 0.0375 0.028125
0 0.29296875 0.559375 0.0375 0.028125
0 0.1171875 0.5015625 0.0421875 0.03125
0 0.92421875 0.63984375 0.04375 0.03125
0 0.18203125 0.50390625 0.0375 0.028125
0 0.70546875 0.5734375 0.034375 0.028125
0 0.92890625 0.01171875 0.0390625 0.0234375
0 0.7140625 0.621875 0.034375 0.028125
0 0.359375 0.5671875 0.0375 0.03125
0 0.59765625 0.40078125 0.015625 0.0609375
0 0.80625 0.63359375 0.0375 0.028125
0 0.0625 0.21484375 0.0375 0.034375
1 0.92578125 0.078125 0.04375 0.03125
0 0.54609375 0.1109375 0.01875 0.08125
0 0.54375 0.246875 0.015625 0.06875
0 0.628125 0.23984375 0.015625 0.0640625
0 0.49921875 0.4 0.015625 0.06875
0 0.88125 0.1109375 0.034375 0.03125
0 0.62578125 0.58984375 0.0171875 0.06875
0 0.59765625 0.74921875 0.01875 0.078125
0 0.51015625 0.0890625 0.015625 0.065625
0 0.48125 0.09921875 0.015625 0.0578125
0 0.86171875 0.63359375 0.040625 0.03125
0 0.6203125 0.596875 0.01875 0.0671875
0 0.603125 0.02109375 0.015625 0.040625
0 0.03515625 0.49765625 0.04375 0.03125
0 0.30234375 0.50703125 0.04375 0.03125
0 0.759375 0.6234375 0.034375 0.025