0 0.17109375 0.553125 0.040625 0.0296875
0 0.92421875 0.64375 0.04375 0.0328125
0 0.23515625 0.55859375 0.0359375 0.028125
0 0.23828125 0.51015625 0.0375 0.028125
0 0.98046875 0.64921875 0.0375 0.034375
0 0.7125 0.625 0.034375 0.028125
0 0.29296875 0.56015625 0.0359375 0.028125
0 0.11640625 0.50390625 0.04375 0.03125
0 0.36171875 0.5140625 0.034375 0.028125
0 0.93125 0.0125 0.0375 0.025
0 0.7046875 0.575 0.034375 0.028125
0 0.8109375 0.6359375 0.0375 0.0296875
0 0.35859375 0.56796875 0.0375 0.0296875
0 0.0625 0.21484375 0.0375 0.034375
0 0.184375 0.509375 0.0375 0.028125
0 0.54375 0.24765625 0.015625 0.0703125
0 0.8640625 0.640625 0.04375 0.03125
0 0.546875 0.1125 0.01875 0.08125
0 0.59921875 0.24140625 0.0171875 0.06875
0 0.88203125 0.1140625 0.034375 0.03125
0 0.6203125 0.95625 0.01875 0.0734375
0 0.76015625 0.62578125 0.0328125 0.025
1 0.034375 0.4984375 0.0453125 0.03125
0 0.628125 0.29375 0.01875 0.084375
0 0.9265625 0.08515625 0.0421875 0.03125
0 0.6140625 0.94921875 0.01875 0.0734375