0 0.55859375 0.2359375 0.028125 0.0375
0 0.64609375 0.98125 0.0328125 0.0375
0 0.509375 0.2390625 0.028125 0.0375
0 0.51328125 0.3625 0.028125 0.034375
0 0.559375 0.29296875 0.028125 0.0375
0 0.553125 0.1703125 0.03125 0.040625
0 0.5015625 0.1171875 0.03125 0.0421875
0 0.63984375 0.92421875 0.03125 0.04375
0 0.01171875 0.92890625 0.0234375 0.0390625
0 0.50390625 0.18203125 0.028125 0.0375
0 0.57421875 0.70546875 0.028125 0.0359375
0 0.62265625 0.71328125 0.028125 0.034375
0 0.5671875 0.359375 0.03125 0.0375
0 0.6296875 0.8109375 0.0296875 0.0375
1 0.078125 0.92578125 0.0328125 0.04375
0 0.10625 0.603125 0.0671875 0.0171875
0 0.21484375 0.0625 0.034375 0.0375
0 0.49375 0.59609375 0.059375 0.015625
0 0.24609375 0.54296875 0.06875 0.015625
0 0.11015625 0.54765625 0.08125 0.01875
0 0.3109375 0.628125 0.0640625 0.015625
0 0.0234375 0.62578125 0.046875 0.01875
0 0.840625 0.59609375 0.078125 0.01875
0 0.959375 0.45859375 0.0671875 0.01875
0 0.665625 0.625 0.06875 0.015625
0 0.02734375 0.48203125 0.053125 0.0140625
0 0.325 0.50078125 0.0671875 0.015625
0 0.1109375 0.88125 0.03125 0.034375
0 0.30625 0.62265625 0.0640625 0.0171875
0 0.63828125 0.86484375 0.0296875 0.0421875
0 0.49765625 0.03515625 0.03125 0.04375