0 0.48984375 0.23828125 0.028125 0.0375
0 0.440625 0.23515625 0.028125 0.0359375
0 0.446875 0.1703125 0.0296875 0.040625
0 0.49609375 0.11640625 0.03125 0.04375
0 0.353125 0.91953125 0.03125 0.0421875
0 0.371875 0.71171875 0.028125 0.034375
0 0.484375 0.35859375 0.028125 0.0375
0 0.4390625 0.2921875 0.028125 0.0375
0 0.421875 0.703125 0.028125 0.034375
0 0.7921875 0.04140625 0.03125 0.034375
0 0.98203125 0.92265625 0.03125 0.040625
0 0.490625 0.184375 0.028125 0.0375
0 0.43125 0.3578125 0.0296875 0.0390625
0 0.36640625 0.75625 0.025 0.034375
0 0.7484375 0.54296875 0.06875 0.0171875
0 0.88359375 0.546875 0.08125 0.01875
0 0.3421875 0.59609375 0.06875 0.015625
0 0.90546875 0.60078125 0.065625 0.015625
0 0.48984375 0.30078125 0.03125 0.04375
0 0.24375 0.4953125 0.059375 0.015625
0 0.346875 0.9796875 0.0328125 0.040625
0 0.88046875 0.88046875 0.034375 0.034375
0 0.98203125 0.55 0.0359375 0.01875
0 0.67265625 0.49921875 0.059375 0.015625
0 0.36015625 0.803125 0.028125 0.034375
0 0.36171875 0.85859375 0.0375 0.040625
0 0.50234375 0.03125 0.040625 0.05625