0 0.01953125 0.6546875 0.03828125 0.03203125
0 0.7640625 0.5578125 0.0375 0.028125
0 0.82890625 0.55078125 0.0390625 0.03046875
0 0.07734375 0.64921875 0.04375 0.03203125
0 0.70703125 0.559375 0.03671875 0.028125
0 0.76015625 0.50859375 0.03828125 0.028125
0 0.8828125 0.5 0.04296875 0.03203125
0 0.6375 0.5140625 0.03515625 0.028125
0 0.8171875 0.503125 0.03828125 0.02890625
0 0.13828125 0.646875 0.04296875 0.03125
0 0.29609375 0.5796875 0.03515625 0.028125
0 0.2875 0.62890625 0.03515625 0.02890625
0 0.24140625 0.63125 0.03359375 0.02578125
0 0.07109375 0.0203125 0.0390625 0.03203125
0 0.9578125 0.20546875 0.0359375 0.03125
0 0.640625 0.56796875 0.03828125 0.03046875
0 0.190625 0.63828125 0.0359375 0.0296875
0 0.96484375 0.4953125 0.04375 0.0328125
0 0.45546875 0.25234375 0.01640625 0.0703125
0 0.11875 0.12265625 0.03515625 0.0328125
0 0.446875 0.02421875 0.021875 0.0484375
0 0.4515625 0.11640625 0.01875 0.0828125
0 0.01484375 0.1109375 0.0296875 0.0328125
0 0.53828125 0.746875 0.0171875 0.065625
0 0.52890625 0.38203125 0.01875 0.07890625
0 0.5234375 0.38671875 0.01875 0.07734375
0 0.4 0.83359375 0.0171875 0.06796875