0 0.7609375 0.509375 0.0375 0.028125
0 0.76484375 0.559375 0.0375 0.028125
0 0.0796875 0.64765625 0.04375 0.03125
0 0.8828125 0.5015625 0.04375 0.03125
0 0.7078125 0.56015625 0.0359375 0.028125
0 0.8296875 0.5515625 0.040625 0.03125
0 0.28828125 0.628125 0.0359375 0.028125
0 0.63828125 0.51484375 0.034375 0.028125
0 0.8171875 0.50390625 0.0375 0.028125
0 0.29609375 0.578125 0.034375 0.028125
0 0.95703125 0.20703125 0.034375 0.03125
0 0.64453125 0.56875 0.0375 0.03125
0 0.0734375 0.01875 0.0390625 0.03125
0 0.2421875 0.6296875 0.0328125 0.025
0 0.0203125 0.65390625 0.040625 0.0328125
0 0.9640625 0.49609375 0.04375 0.03125
0 0.53359375 0.49296875 0.0171875 0.06875
0 0.49375 0.06953125 0.015625 0.0609375
0 0.45625 0.25078125 0.015625 0.06875
0 0.45 0.02578125 0.021875 0.05
0 0.51640625 0.9796875 0.015625 0.040625
0 0.453125 0.115625 0.01875 0.08125
0 0.4015625 0.12421875 0.01875 0.06875
0 0.69765625 0.509375 0.04375 0.03125
0 0.36953125 0.01875 0.0171875 0.0375
0 0.40546875 0.56328125 0.015625 0.05
0 0.50234375 0.51015625 0.01875 0.08125
0 0.1921875 0.6359375 0.034375 0.03125
0 0.1390625 0.6390625 0.040625 0.034375