0 0.48984375 0.23828125 0.028125 0.0375
0 0.440625 0.23515625 0.028125 0.0359375
0 0.496875 0.1171875 0.03125 0.04375
0 0.44609375 0.17109375 0.0296875 0.040625
0 0.353125 0.91953125 0.03125 0.0421875
0 0.4390625 0.2921875 0.028125 0.0359375
0 0.371875 0.71171875 0.028125 0.034375
0 0.484375 0.35859375 0.028125 0.0359375
0 0.42109375 0.70390625 0.028125 0.034375
0 0.98125 0.9265625 0.03125 0.040625
0 0.7921875 0.0421875 0.03125 0.034375
0 0.490625 0.18515625 0.028125 0.0375
0 0.3703125 0.7578125 0.025 0.0328125
0 0.43125 0.3578125 0.0296875 0.0390625
0 0.74609375 0.54296875 0.06875 0.0171875
0 0.43984375 0.5984375 0.065625 0.0171875
0 0.975 0.55 0.05 0.021875
0 0.359375 0.803125 0.028125 0.0375
0 0.88359375 0.54609375 0.08125 0.01875
0 0.70234375 0.5046875 0.0546875 0.015625
0 0.28359375 0.4953125 0.065625 0.0171875
0 0.48984375 0.3015625 0.03125 0.04375
0 0.346875 0.9796875 0.03125 0.040625
1 0.90703125 0.9203125 0.0328125 0.04375
0 0.96953125 0.97421875 0.0609375 0.0203125