0 0.2390625 0.51015625 0.0375 0.028125
0 0.2359375 0.56015625 0.0375 0.028125
0 0.1171875 0.50234375 0.0421875 0.03125
0 0.1703125 0.55234375 0.040625 0.03125
0 0.9203125 0.64765625 0.04375 0.03125
0 0.7109375 0.628125 0.0375 0.0296875
0 0.2921875 0.5609375 0.0359375 0.028125
0 0.36171875 0.51484375 0.0359375 0.028125
0 0.98671875 0.0984375 0.025 0.0625
0 0.9796875 0.65390625 0.040625 0.0328125
0 0.703125 0.578125 0.0359375 0.028125
0 0.1828125 0.5046875 0.0375 0.028125
0 0.0421875 0.2078125 0.034375 0.03125
0 0.75703125 0.6296875 0.0328125 0.025
0 0.9265625 0.01875 0.040625 0.0328125
0 0.35859375 0.56875 0.040625 0.0296875
0 0.55 0.02578125 0.021875 0.0515625
0 0.8078125 0.6359375 0.0359375 0.03125
0 0.54296875 0.2515625 0.015625 0.06875
0 0.546875 0.11640625 0.01875 0.08125
0 0.46328125 0.66796875 0.0171875 0.071875
0 0.503125 0.24296875 0.015625 0.0625
0 0.59609375 0.3859375 0.0140625 0.053125
2 0.63125 0.57109375 0.0421875 0.278125
2 0.61875 0.59609375 0.034375 0.328125
1 0.92109375 0.09296875 0.04375 0.0328125