0 0.0203125 0.65390625 0.0390625 0.03125
0 0.7640625 0.5578125 0.0375 0.028125
0 0.82890625 0.55078125 0.0390625 0.03046875
0 0.70703125 0.559375 0.03671875 0.028125
0 0.07890625 0.64765625 0.04375 0.03125
0 0.8828125 0.5 0.04296875 0.03203125
0 0.76015625 0.50859375 0.03828125 0.028125
0 0.6375 0.5140625 0.03515625 0.028125
0 0.2875 0.628125 0.03515625 0.02890625
0 0.8171875 0.503125 0.03828125 0.02890625
0 0.29609375 0.57890625 0.03515625 0.028125
0 0.07265625 0.01875 0.0390625 0.03203125
0 0.64140625 0.5671875 0.03828125 0.03046875
0 0.95703125 0.20625 0.0359375 0.03203125
0 0.1390625 0.6453125 0.04296875 0.03203125
0 0.2421875 0.6296875 0.03359375 0.0265625
0 0.19140625 0.63671875 0.03515625 0.0296875
0 0.45625 0.2515625 0.01640625 0.0703125
0 0.45234375 0.11640625 0.01875 0.08203125
0 0.4484375 0.02578125 0.0234375 0.05078125
0 0.11953125 0.12109375 0.03515625 0.03359375
0 0.53359375 0.625 0.0171875 0.0671875
0 0.9640625 0.49453125 0.0453125 0.03203125
0 0.37578125 0.64609375 0.015625 0.06796875
0 0.40234375 0.46640625 0.015625 0.06328125
1 0.078125 0.09296875 0.04375 0.03359375
0 0.38125 0.65078125 0.0171875 0.06796875