0 0.446875 0.82890625 0.03125 0.040625
0 0.440625 0.7640625 0.028125 0.0375
0 0.35078125 0.01953125 0.034375 0.0390625
0 0.35625 0.0765625 0.0328125 0.04375
0 0.496875 0.88359375 0.03125 0.0421875
0 0.490625 0.76171875 0.028125 0.0375
0 0.43984375 0.70703125 0.028125 0.0359375
0 0.375 0.2875 0.028125 0.034375
0 0.98671875 0.0703125 0.0265625 0.0375
0 0.4859375 0.6375 0.028125 0.034375
0 0.3640625 0.18984375 0.0296875 0.0359375
0 0.425 0.296875 0.028125 0.034375
0 0.4953125 0.81796875 0.028125 0.0375
0 0.43203125 0.64140625 0.0296875 0.0375
0 0.7859375 0.9375 0.034375 0.0375
0 0.9140625 0.07421875 0.03125 0.040625
0 0.37421875 0.240625 0.025 0.0328125
0 0.7515625 0.45625 0.0703125 0.015625
0 0.884375 0.11875 0.03125 0.034375
0 0.48984375 0.4015625 0.06875 0.015625
0 0.88671875 0.453125 0.08125 0.01875
0 0.453125 0.37265625 0.0625 0.0171875
1 0.50234375 0.96484375 0.03125 0.04375
0 0.20546875 0.5078125 0.08125 0.01875
1 0.4875 0.69453125 0.03125 0.0453125