0 0.0203125 0.653125 0.040625 0.03125
0 0.7640625 0.5578125 0.0375 0.028125
0 0.82890625 0.55078125 0.040625 0.03125
0 0.8828125 0.5 0.04375 0.03125
0 0.07890625 0.64765625 0.04375 0.03125
0 0.70703125 0.559375 0.0375 0.028125
0 0.76015625 0.50859375 0.0375 0.028125
0 0.2875 0.628125 0.034375 0.028125
0 0.63828125 0.5140625 0.034375 0.028125
0 0.8171875 0.503125 0.0375 0.0296875
0 0.071875 0.01953125 0.0390625 0.03125
0 0.29609375 0.57890625 0.034375 0.028125
0 0.95703125 0.20546875 0.0359375 0.03125
0 0.64140625 0.56796875 0.0375 0.03125
0 0.1390625 0.6453125 0.04375 0.03125
0 0.19140625 0.63671875 0.0359375 0.0296875
0 0.2421875 0.6296875 0.034375 0.025
0 0.45625 0.2515625 0.015625 0.0703125
0 0.11875 0.12109375 0.034375 0.034375
0 0.45234375 0.11640625 0.01875 0.08125
0 0.44765625 0.025 0.0234375 0.05
0 0.540625 0.92265625 0.0171875 0.06875
0 0.40234375 0.559375 0.01875 0.06875
0 0.53125 0.525 0.0171875 0.0640625
0 0.3828125 0.73359375 0.0171875 0.0671875
0 0.3765625 0.7359375 0.015625 0.065625
1 0.078125 0.09296875 0.04375 0.034375
0 0.96484375 0.49453125 0.04375 0.03125
0 0.52578125 0.521875 0.01875 0.0625