0 0.01875 0.64609375 0.03671875 0.03203125
0 0.7640625 0.559375 0.0375 0.028125
0 0.8296875 0.55234375 0.03984375 0.03125
0 0.70625 0.559375 0.03671875 0.02890625
0 0.6375 0.51328125 0.0359375 0.028125
0 0.76015625 0.50859375 0.0390625 0.02890625
0 0.8828125 0.5015625 0.0421875 0.03125
0 0.28515625 0.62421875 0.034375 0.02734375
0 0.29375 0.57421875 0.0359375 0.02734375
0 0.07109375 0.0125 0.0390625 0.02421875
0 0.8171875 0.50390625 0.03828125 0.02890625
0 0.63984375 0.5671875 0.0390625 0.03125
0 0.13671875 0.634375 0.04140625 0.03046875
1 0.0734375 0.078125 0.04296875 0.0328125
0 0.19296875 0.634375 0.0375 0.02890625
0 0.371875 0.2703125 0.0171875 0.071875
0 0.9375 0.215625 0.0359375 0.03359375
0 0.07421875 0.640625 0.04453125 0.03203125
0 0.45546875 0.24609375 0.0171875 0.0703125
0 0.11640625 0.109375 0.03359375 0.0328125
0 0.23984375 0.6234375 0.03359375 0.025
0 0.53359375 0.63203125 0.01953125 0.08359375
0 0.5015625 0.628125 0.01640625 0.06953125
0 0.96796875 0.49921875 0.04296875 0.03203125
0 0.37421875 0.665625 0.0171875 0.06484375
0 0.503125 0.97109375 0.0171875 0.05546875
0 0.39921875 0.24765625 0.015625 0.06171875
0 0.40390625 0.45390625 0.01640625 0.06484375
0 0.98515625 0.57421875 0.0296875 0.02734375
0 0.37734375 0.265625 0.01875 0.071875
0 0.6953125 0.5078125 0.04453125 0.03125
0 0.128125 0.63984375 0.04375 0.03046875