0 0.075 0.6375 0.04375 0.0328125
0 0.7640625 0.55859375 0.03671875 0.028125
0 0.01875 0.64609375 0.0375 0.0328125
0 0.70703125 0.559375 0.03671875 0.02890625
0 0.8296875 0.553125 0.040625 0.03125
0 0.7609375 0.509375 0.03828125 0.028125
0 0.6375 0.51328125 0.0359375 0.028125
0 0.88359375 0.5015625 0.0421875 0.03046875
0 0.81796875 0.50390625 0.03828125 0.0296875
0 0.07109375 0.01171875 0.0390625 0.0234375
0 0.2953125 0.57265625 0.034375 0.0265625
0 0.2859375 0.62265625 0.034375 0.02734375
0 0.63984375 0.5671875 0.0390625 0.03125
0 0.19375 0.63359375 0.0375 0.02890625
0 0.1375 0.63359375 0.04140625 0.03125
0 0.40078125 0.13828125 0.01484375 0.06015625
0 0.9375 0.21484375 0.03671875 0.034375
0 0.11796875 0.11015625 0.03359375 0.03125
0 0.49296875 0.2828125 0.01796875 0.0671875
0 0.45625 0.246875 0.0171875 0.07109375
0 0.45234375 0.10546875 0.01875 0.08125
0 0.3703125 0.04453125 0.01640625 0.06640625
0 0.50546875 0.59296875 0.0171875 0.06875
1 0.07421875 0.078125 0.04296875 0.03203125
0 0.371875 0.384375 0.0171875 0.06640625
0 0.39921875 0.49765625 0.01796875 0.07578125
0 0.521875 0.303125 0.015625 0.0625
0 0.37734375 0.390625 0.01796875 0.06640625
0 0.12890625 0.63984375 0.04375 0.03125
0 0.240625 0.6234375 0.03359375 0.025