0 0.171875 0.553125 0.040625 0.03125
0 0.98125 0.6484375 0.0375 0.03125
0 0.2359375 0.559375 0.0375 0.028125
0 0.2390625 0.509375 0.0375 0.028125
0 0.7125 0.62578125 0.034375 0.028125
0 0.92265625 0.64453125 0.04375 0.03125
0 0.29296875 0.56015625 0.0359375 0.028125
0 0.1171875 0.503125 0.0421875 0.03125
0 0.36171875 0.5140625 0.034375 0.028125
0 0.92890625 0.01484375 0.0375 0.0296875
0 0.703125 0.57578125 0.034375 0.028125
0 0.18203125 0.5046875 0.0375 0.028125
0 0.81015625 0.63359375 0.0375 0.0296875
0 0.35859375 0.56796875 0.0375 0.0296875
0 0.88203125 0.115625 0.034375 0.03125
0 0.54375 0.24921875 0.015625 0.0703125
0 0.54765625 0.1140625 0.01875 0.08125
0 0.759375 0.6265625 0.034375 0.025
0 0.63046875 0.2671875 0.015625 0.0640625
0 0.59453125 0.8859375 0.0171875 0.0703125
0 0.4984375 0.41640625 0.015625 0.06875
0 0.6 0.1171875 0.01875 0.0796875
1 0.05859375 0.215625 0.040625 0.040625
0 0.8625 0.64140625 0.04375 0.03125
1 0.625 0.86640625 0.0203125 0.084375
1 0.0359375 0.49765625 0.04375 0.03125