0 0.559375 0.7640625 0.028125 0.0375
0 0.6375 0.07421875 0.0328125 0.04375
0 0.55234375 0.82890625 0.03125 0.040625
0 0.509375 0.7609375 0.028125 0.0375
0 0.559375 0.70625 0.028125 0.0375
0 0.64609375 0.01875 0.0328125 0.0375
0 0.5015625 0.8828125 0.03125 0.0421875
0 0.51328125 0.6375 0.028125 0.034375
0 0.50390625 0.8171875 0.028125 0.0375
0 0.57265625 0.2953125 0.0265625 0.034375
0 0.6234375 0.2859375 0.028125 0.034375
0 0.01171875 0.07109375 0.0234375 0.0390625
0 0.59375 0.98671875 0.03125 0.0265625
0 0.49765625 0.9640625 0.03125 0.04375
0 0.5671875 0.63984375 0.03125 0.0390625
0 0.06171875 0.37109375 0.0734375 0.01875
0 0.21484375 0.9375 0.034375 0.0359375
0 0.6421875 0.40234375 0.06875 0.0171875
0 0.63359375 0.1375 0.03125 0.0421875
0 0.21328125 0.45546875 0.06875 0.015625
0 0.80703125 0.375 0.0703125 0.015625
0 0.63359375 0.19375 0.028125 0.0375
0 0.78984375 0.53671875 0.084375 0.0203125
0 0.11015625 0.11796875 0.03125 0.034375
0 0.8765625 0.40546875 0.0671875 0.015625
0 0.18359375 0.40234375 0.06875 0.015625
1 0.078125 0.07421875 0.03125 0.0421875
0 0.803125 0.5015625 0.06875 0.0171875
0 0.81328125 0.38046875 0.071875 0.01875
0 0.4078125 0.37109375 0.0625 0.015625
0 0.603125 0.8671875 0.028125 0.0359375
0 0.63984375 0.12890625 0.03125 0.04375