0 0.35234375 0.01796875 0.0328125 0.0359375
0 0.43984375 0.7640625 0.028125 0.0375
0 0.490625 0.7609375 0.028125 0.0375
0 0.49765625 0.8828125 0.03125 0.0421875
0 0.446875 0.828125 0.03125 0.040625
0 0.43984375 0.70703125 0.028125 0.0359375
0 0.3734375 0.2875 0.028125 0.034375
0 0.35546875 0.078125 0.0328125 0.04375
0 0.36171875 0.140625 0.03125 0.04375
0 0.4859375 0.6375 0.028125 0.034375
0 0.984375 0.071875 0.03125 0.0390625
0 0.4234375 0.296875 0.028125 0.034375
0 0.43203125 0.64140625 0.03125 0.0390625
0 0.49140625 0.81484375 0.028125 0.0375
0 0.790625 0.946875 0.03125 0.0390625
0 0.75 0.45625 0.071875 0.015625
0 0.88203125 0.11953125 0.03125 0.034375
0 0.884375 0.453125 0.0828125 0.01875
0 0.8140625 0.3703125 0.06875 0.015625
0 0.48984375 0.3703125 0.0671875 0.015625
0 0.85234375 0.49453125 0.075 0.0171875
0 0.36796875 0.2421875 0.025 0.034375
1 0.62890625 0.4015625 0.0796875 0.01875
1 0.503125 0.9640625 0.03125 0.04375
1 0.91484375 0.07890625 0.0328125 0.0421875
0 0.490625 0.69765625 0.03125 0.04375