0 0.44140625 0.7640625 0.028125 0.0375
0 0.3625 0.07421875 0.0328125 0.04375
0 0.44765625 0.8296875 0.03125 0.040625
0 0.49140625 0.7609375 0.028125 0.0375
0 0.4984375 0.8828125 0.03125 0.0421875
0 0.440625 0.70625 0.028125 0.0375
0 0.40546875 0.984375 0.03125 0.03125
0 0.48671875 0.63671875 0.028125 0.034375
0 0.35390625 0.01875 0.0328125 0.0375
0 0.49609375 0.8171875 0.028125 0.0375
0 0.42734375 0.2953125 0.0265625 0.034375
0 0.3765625 0.2859375 0.028125 0.034375
0 0.98828125 0.07109375 0.0234375 0.0390625
0 0.50234375 0.9640625 0.03125 0.04375
0 0.4328125 0.63984375 0.03125 0.0390625
0 0.36640625 0.1375 0.03125 0.0421875
0 0.94375 0.3703125 0.071875 0.0171875
0 0.78515625 0.9375 0.034375 0.0359375
0 0.37578125 0.40234375 0.06875 0.015625
0 0.20546875 0.375 0.071875 0.0171875
0 0.78984375 0.45546875 0.06875 0.015625
0 0.36640625 0.19375 0.028125 0.0375
0 0.203125 0.53671875 0.0875 0.0203125
0 0.4 0.86328125 0.028125 0.034375
0 0.88984375 0.11796875 0.03125 0.034375
0 0.190625 0.5015625 0.0703125 0.0171875
1 0.921875 0.07421875 0.03125 0.0421875
0 0.14453125 0.40546875 0.065625 0.015625
0 0.8296875 0.40234375 0.065625 0.015625
0 0.2125 0.38125 0.071875 0.01875
0 0.60234375 0.37109375 0.0609375 0.015625
0 0.36015625 0.12890625 0.03125 0.04375