0 0.34609375 0.98046875 0.03125 0.0390625
0 0.4421875 0.2359375 0.028125 0.0375
0 0.440625 0.29296875 0.028125 0.0375
0 0.45 0.17109375 0.03125 0.040625
0 0.49140625 0.23984375 0.028125 0.0375
0 0.35078125 0.921875 0.03125 0.04375
0 0.5 0.1171875 0.03125 0.04375
0 0.4859375 0.3625 0.028125 0.034375
0 0.496875 0.1828125 0.0296875 0.0375
0 0.35390625 0.8625 0.03125 0.04375
0 0.371875 0.7125 0.028125 0.034375
0 0.42109375 0.70390625 0.028125 0.034375
0 0.36953125 0.75859375 0.025 0.034375
0 0.43203125 0.359375 0.03125 0.0375
0 0.79453125 0.0421875 0.03125 0.0359375
0 0.3625 0.809375 0.0296875 0.0359375
0 0.98046875 0.92890625 0.0328125 0.0390625
0 0.50546875 0.03515625 0.03125 0.04375
0 0.88984375 0.98671875 0.0328125 0.0265625
0 0.7484375 0.54453125 0.06875 0.015625
0 0.8796875 0.88203125 0.034375 0.034375
0 0.884375 0.5484375 0.08125 0.01875
0 0.28515625 0.4609375 0.08125 0.01875
0 0.565625 0.60546875 0.065625 0.015625
0 0.70234375 0.47265625 0.065625 0.015625
0 0.97578125 0.55234375 0.0484375 0.021875
1 0.90703125 0.921875 0.034375 0.04375
0 0.70390625 0.47890625 0.065625 0.01875
0 0.4921875 0.3046875 0.03125 0.0453125