0 0.559375 0.2359375 0.028125 0.0375
0 0.64609375 0.98125 0.03125 0.0375
0 0.50234375 0.1171875 0.03125 0.0421875
0 0.55234375 0.17109375 0.03125 0.040625
0 0.559375 0.29375 0.028125 0.0375
0 0.50859375 0.2390625 0.028125 0.0390625
0 0.51328125 0.36328125 0.028125 0.0359375
0 0.62421875 0.71484375 0.028125 0.034375
0 0.5734375 0.70546875 0.0265625 0.034375
0 0.50390625 0.1828125 0.028125 0.0375
0 0.01171875 0.92890625 0.0234375 0.0390625
0 0.640625 0.92578125 0.03125 0.04375
0 0.5671875 0.359375 0.03125 0.0390625
0 0.634375 0.80703125 0.028125 0.0375
0 0.634375 0.8625 0.03125 0.040625
1 0.078125 0.9265625 0.0328125 0.0421875
0 0.21484375 0.0625 0.034375 0.0375
0 0.025 0.54765625 0.05 0.01875
0 0.246875 0.54375 0.0703125 0.0171875
0 0.46015625 0.628125 0.071875 0.0171875
0 0.11015625 0.8828125 0.03125 0.034375
0 0.50703125 0.59921875 0.0625 0.015625
0 0.4546875 0.46953125 0.08125 0.01875
0 0.4375 0.5015625 0.065625 0.015625
0 0.7078125 0.5953125 0.0625 0.015625
0 0.82265625 0.496875 0.06875 0.015625
0 0.6234375 0.76015625 0.025 0.034375
0 0.88125 0.465625 0.0703125 0.015625
0 0.89765625 0.62421875 0.06875 0.0171875
0 0.459375 0.62265625 0.0703125 0.01875
0 0.63984375 0.871875 0.03125 0.04375