0 0.76171875 0.51015625 0.0375 0.02734375
0 0.76484375 0.55859375 0.0359375 0.02734375
0 0.82890625 0.553125 0.040625 0.03046875
0 0.8828125 0.50234375 0.0421875 0.03125
0 0.7078125 0.5609375 0.0359375 0.02890625
0 0.08046875 0.646875 0.04296875 0.03125
0 0.28828125 0.628125 0.0359375 0.0296875
0 0.63828125 0.51484375 0.0359375 0.028125
0 0.296875 0.578125 0.03515625 0.02734375
0 0.8171875 0.5046875 0.03828125 0.02890625
0 0.9578125 0.2078125 0.034375 0.03125
0 0.0734375 0.01875 0.03984375 0.0328125
0 0.01640625 0.090625 0.02890625 0.0625
0 0.64140625 0.56875 0.0390625 0.0296875
0 0.24375 0.63359375 0.034375 0.02578125
0 0.45703125 0.25234375 0.01640625 0.06796875
0 0.44921875 0.02578125 0.0234375 0.0515625
0 0.453125 0.1171875 0.01796875 0.07890625
0 0.0203125 0.653125 0.040625 0.03203125
2 0.36953125 0.48125 0.0390625 0.2625
0 0.196875 0.63984375 0.03671875 0.02890625
0 0.53984375 0.75703125 0.01796875 0.0734375
0 0.40390625 0.29765625 0.0140625 0.0515625
1 0.50703125 0.79453125 0.01953125 0.084375
2 0.38046875 0.51953125 0.0359375 0.328125
0 0.4984375 0.3296875 0.015625 0.0625
0 0.4046875 0.98046875 0.01875 0.0390625
1 0.07890625 0.09296875 0.04296875 0.0328125