0 0.44140625 0.76484375 0.028125 0.0359375
0 0.48984375 0.76171875 0.028125 0.0375
0 0.3484375 0.01953125 0.03125 0.0390625
0 0.44609375 0.8296875 0.0296875 0.040625
0 0.49609375 0.8828125 0.03125 0.04375
0 0.35390625 0.0796875 0.03125 0.04375
0 0.4390625 0.7078125 0.028125 0.0359375
0 0.484375 0.64140625 0.028125 0.0359375
0 0.37265625 0.28828125 0.028125 0.034375
1 0.95546875 0.02265625 0.0671875 0.0265625
0 0.9828125 0.0765625 0.03125 0.040625
0 0.79140625 0.959375 0.03125 0.034375
0 0.421875 0.296875 0.028125 0.034375
0 0.43125 0.6421875 0.0296875 0.0375
0 0.490625 0.815625 0.028125 0.0375
0 0.38671875 0.40859375 0.065625 0.015625
0 0.74921875 0.45703125 0.06875 0.015625
0 0.3671875 0.24375 0.025 0.034375
0 0.65078125 0.53125 0.0609375 0.015625
0 0.88359375 0.45390625 0.08125 0.01875
0 0.48984375 0.6984375 0.03125 0.04375
0 0.45625 0.37421875 0.0625 0.015625
0 0.5015625 0.96484375 0.03125 0.04375
0 0.46171875 0.3796875 0.0625 0.015625
0 0.1796875 0.50859375 0.0671875 0.0171875
0 0.88125 0.11953125 0.034375 0.034375
0 0.89765625 0.39921875 0.06875 0.015625
1 0.35703125 0.1390625 0.03125 0.04375
1 0.909375 0.07890625 0.0328125 0.04375