0 0.01875 0.64609375 0.0375 0.0328125
0 0.82890625 0.553125 0.040625 0.0296875
0 0.76484375 0.559375 0.03671875 0.02734375
0 0.07578125 0.640625 0.04375 0.03203125
0 0.70703125 0.56015625 0.0359375 0.028125
0 0.88359375 0.503125 0.04296875 0.03203125
0 0.76171875 0.50859375 0.0375 0.02734375
0 0.63828125 0.51328125 0.03515625 0.02734375
0 0.2875 0.6234375 0.03515625 0.02734375
0 0.071875 0.0125 0.0390625 0.025
0 0.2953125 0.57421875 0.0359375 0.028125
0 0.81796875 0.5046875 0.03828125 0.02890625
0 0.93828125 0.2140625 0.03671875 0.0328125
0 0.64140625 0.5671875 0.03828125 0.03046875
0 0.19453125 0.634375 0.03671875 0.028125
0 0.3734375 0.10078125 0.01640625 0.06875
0 0.45625 0.246875 0.01640625 0.07109375
0 0.453125 0.11171875 0.01796875 0.08203125
0 0.503125 0.75859375 0.01640625 0.06640625
0 0.371875 0.4984375 0.0171875 0.065625
0 0.11875 0.1109375 0.03515625 0.03203125
0 0.3890625 0.828125 0.02109375 0.0859375
0 0.23984375 0.62421875 0.0328125 0.02421875
0 0.39921875 0.12421875 0.0171875 0.0765625
0 0.52890625 0.1328125 0.0171875 0.06328125
0 0.4015625 0.44609375 0.01640625 0.065625
0 0.13828125 0.63359375 0.04375 0.03828125
0 0.6984375 0.50859375 0.05390625 0.0328125
0 0.9640625 0.49765625 0.0484375 0.03359375