0 0.82890625 0.553125 0.04140625 0.03046875
0 0.7640625 0.559375 0.03671875 0.028125
0 0.8828125 0.503125 0.0421875 0.03203125
0 0.01953125 0.64921875 0.0390625 0.03359375
0 0.76171875 0.509375 0.0375 0.02734375
0 0.70703125 0.56015625 0.0359375 0.028125
0 0.0765625 0.64453125 0.04375 0.03203125
0 0.2875 0.62578125 0.0359375 0.028125
0 0.06953125 0.0125 0.0390625 0.025
0 0.63828125 0.5140625 0.03515625 0.028125
0 0.18984375 0.6359375 0.0359375 0.02890625
0 0.296875 0.57578125 0.03515625 0.02734375
0 0.81796875 0.5046875 0.03828125 0.02890625
0 0.64140625 0.56796875 0.03828125 0.03046875
0 0.93828125 0.21484375 0.0375 0.03671875
0 0.240625 0.62578125 0.0328125 0.025
0 0.40390625 0.59765625 0.0171875 0.071875
0 0.45625 0.2484375 0.01640625 0.06953125
0 0.13671875 0.64140625 0.04296875 0.03125
0 0.11953125 0.11640625 0.034375 0.0328125
0 0.36484375 0.03203125 0.0171875 0.0640625
0 0.453125 0.11328125 0.01796875 0.08203125
0 0.07890625 0.0875 0.04140625 0.03046875
0 0.3734375 0.62734375 0.0171875 0.06171875
0 0.50625 0.7078125 0.01796875 0.08046875
1 0.96484375 0.49765625 0.04453125 0.03203125
0 0.37890625 0.6203125 0.0203125 0.08125