0 0.828125 0.553125 0.04140625 0.03046875
0 0.01875 0.6484375 0.0375 0.03203125
0 0.7640625 0.559375 0.03671875 0.02734375
0 0.7609375 0.509375 0.0375 0.028125
0 0.2875 0.62578125 0.03515625 0.02734375
0 0.07734375 0.64453125 0.04375 0.03203125
0 0.70703125 0.56015625 0.0359375 0.028125
0 0.8828125 0.503125 0.0421875 0.03125
0 0.63828125 0.5140625 0.03515625 0.028125
0 0.07109375 0.01484375 0.03828125 0.0296875
0 0.296875 0.57578125 0.034375 0.02734375
0 0.81796875 0.5046875 0.03828125 0.02890625
0 0.18984375 0.63359375 0.03671875 0.0296875
0 0.64140625 0.56796875 0.03828125 0.0296875
0 0.11796875 0.115625 0.03359375 0.03203125
0 0.45625 0.24921875 0.01640625 0.0703125
0 0.45234375 0.1140625 0.01875 0.08203125
0 0.240625 0.6265625 0.03359375 0.025
0 0.36953125 0.2671875 0.01640625 0.0640625
0 0.40546875 0.8859375 0.0171875 0.0703125
0 0.5015625 0.41640625 0.01640625 0.06953125
0 0.4 0.1171875 0.01796875 0.0796875
1 0.94140625 0.215625 0.040625 0.04140625
0 0.1375 0.64140625 0.04296875 0.03125
1 0.375 0.86640625 0.0203125 0.08515625
1 0.9640625 0.49765625 0.04375 0.03203125