0 0.76484375 0.55859375 0.0359375 0.02734375
0 0.76171875 0.51015625 0.0375 0.02734375
0 0.82890625 0.553125 0.040625 0.03046875
0 0.8828125 0.50234375 0.0421875 0.03125
0 0.08046875 0.646875 0.04296875 0.03203125
0 0.7078125 0.5609375 0.0359375 0.02890625
0 0.63828125 0.51484375 0.0359375 0.028125
0 0.28828125 0.628125 0.03515625 0.02890625
0 0.81796875 0.5046875 0.03828125 0.02890625
0 0.07109375 0.01875 0.040625 0.0328125
0 0.29609375 0.57890625 0.0359375 0.028125
0 0.9578125 0.2078125 0.034375 0.03125
0 0.2421875 0.6296875 0.0328125 0.02578125
0 0.6421875 0.56875 0.0390625 0.0296875
0 0.02109375 0.07421875 0.021875 0.06328125
0 0.0203125 0.65390625 0.040625 0.0328125
0 0.45625 0.2515625 0.01640625 0.06953125
0 0.40390625 0.8734375 0.01875 0.06796875
0 0.45234375 0.1171875 0.01796875 0.0796875
0 0.50859375 0.90859375 0.01875 0.08515625
1 0.07890625 0.0921875 0.04375 0.0328125
0 0.540625 0.8609375 0.01875 0.075
0 0.196875 0.63984375 0.03671875 0.02890625
0 0.45 0.02578125 0.02265625 0.0515625
0 0.40234375 0.1953125 0.01328125 0.05234375
2 0.378125 0.4125 0.034375 0.32421875
1 0.96484375 0.496875 0.04375 0.03203125
0 0.5 0.42890625 0.01640625 0.06015625