0 0.9796875 0.653125 0.040625 0.03125
0 0.2359375 0.5578125 0.0375 0.028125
0 0.9203125 0.646875 0.04375 0.03125
0 0.17109375 0.55078125 0.0390625 0.03125
0 0.29296875 0.559375 0.0359375 0.028125
0 0.23984375 0.50859375 0.0375 0.028125
0 0.11796875 0.5 0.04375 0.03125
0 0.71171875 0.628125 0.034375 0.028125
0 0.36171875 0.5140625 0.034375 0.028125
0 0.18203125 0.503125 0.0375 0.028125
0 0.70390625 0.578125 0.034375 0.028125
0 0.928125 0.01875 0.0390625 0.03125
0 0.35859375 0.5671875 0.0375 0.03125
0 0.04296875 0.20625 0.0359375 0.03125
0 0.628125 0.23828125 0.015625 0.065625
0 0.75703125 0.63359375 0.034375 0.025
0 0.54375 0.2515625 0.015625 0.06875
1 0.92109375 0.09296875 0.04375 0.0328125
0 0.5515625 0.02578125 0.021875 0.05
0 0.625 0.73203125 0.015625 0.0671875
0 0.88046875 0.12109375 0.034375 0.034375
0 0.54765625 0.115625 0.01875 0.08125
0 0.503125 0.11875 0.015625 0.05625
0 0.8609375 0.64453125 0.0421875 0.03125
0 0.61953125 0.72890625 0.0171875 0.0671875
0 0.03515625 0.49453125 0.04375 0.03125
0 0.47109375 0.36953125 0.015625 0.0625
0 0.47734375 0.37734375 0.0171875 0.059375
0 0.80390625 0.63984375 0.0359375 0.028125
0 0.60078125 0.05390625 0.015625 0.065625
0 0.5859375 0.97890625 0.0171875 0.0421875