0 0.446875 0.17109375 0.0296875 0.040625
0 0.440625 0.23515625 0.028125 0.0375
0 0.375 0.7125 0.028125 0.034375
0 0.35625 0.92421875 0.0328125 0.04375
0 0.35078125 0.98046875 0.034375 0.0390625
0 0.496875 0.11640625 0.03125 0.0421875
0 0.43984375 0.29296875 0.028125 0.0359375
0 0.490625 0.23828125 0.028125 0.0375
0 0.98671875 0.9296875 0.0265625 0.0375
0 0.4859375 0.36171875 0.028125 0.034375
0 0.3640625 0.8109375 0.0296875 0.0375
0 0.425 0.7046875 0.028125 0.034375
0 0.43203125 0.35546875 0.03125 0.0375
0 0.4953125 0.18203125 0.028125 0.0375
0 0.3734375 0.75859375 0.025 0.034375
0 0.7859375 0.0625 0.0328125 0.0375
0 0.75234375 0.54375 0.0703125 0.015625
0 0.8875 0.546875 0.08125 0.01875
0 0.60859375 0.5984375 0.0671875 0.015625
0 0.07890625 0.49140625 0.0734375 0.0171875
0 0.8859375 0.88125 0.03125 0.034375
0 0.359375 0.8640625 0.03125 0.04375
0 0.56171875 0.62890625 0.0671875 0.01875
0 0.4921875 0.3046875 0.0421875 0.046875
0 0.50546875 0.02890625 0.040625 0.04375