0 0.01796875 0.64765625 0.0359375 0.0328125
0 0.7640625 0.56015625 0.03671875 0.028125
0 0.7609375 0.509375 0.0375 0.028125
0 0.8828125 0.50234375 0.0421875 0.03203125
0 0.828125 0.553125 0.04140625 0.03046875
0 0.70703125 0.56015625 0.0359375 0.028125
0 0.2875 0.6265625 0.03515625 0.028125
0 0.078125 0.64453125 0.04453125 0.0328125
0 0.140625 0.63828125 0.04296875 0.03203125
0 0.6375 0.5140625 0.034375 0.028125
0 0.071875 0.015625 0.0390625 0.03046875
0 0.296875 0.5765625 0.03515625 0.028125
0 0.64140625 0.56796875 0.0390625 0.03046875
0 0.81484375 0.50859375 0.0375 0.02734375
0 0.946875 0.209375 0.0390625 0.03125
0 0.45625 0.25 0.01640625 0.07109375
0 0.11953125 0.11796875 0.03359375 0.03125
0 0.453125 0.115625 0.01875 0.0828125
0 0.3703125 0.1859375 0.01640625 0.06796875
0 0.3703125 0.51015625 0.01640625 0.0671875
0 0.49453125 0.14765625 0.0171875 0.07421875
0 0.2421875 0.63203125 0.034375 0.02578125
1 0.4015625 0.37109375 0.01796875 0.0796875
1 0.9640625 0.496875 0.04453125 0.03203125
1 0.07890625 0.08515625 0.0421875 0.0328125
0 0.69765625 0.509375 0.04453125 0.03125