0 0.01953125 0.65546875 0.03828125 0.03203125
0 0.7640625 0.5578125 0.0375 0.028125
0 0.76015625 0.50859375 0.03828125 0.02890625
0 0.82890625 0.55078125 0.03984375 0.03046875
0 0.07734375 0.64921875 0.04375 0.03203125
0 0.70703125 0.559375 0.03671875 0.028125
0 0.8828125 0.5 0.04296875 0.03203125
0 0.6375 0.5140625 0.03515625 0.028125
0 0.8171875 0.503125 0.03828125 0.0296875
0 0.24140625 0.63203125 0.03359375 0.02578125
0 0.28828125 0.62890625 0.03515625 0.028125
0 0.296875 0.5796875 0.03515625 0.028125
0 0.07109375 0.0203125 0.03828125 0.03203125
0 0.18984375 0.63828125 0.0359375 0.0296875
0 0.640625 0.56796875 0.03828125 0.03046875
0 0.9578125 0.20546875 0.0359375 0.03125
0 0.1375 0.646875 0.04296875 0.03125
0 0.1171875 0.12109375 0.034375 0.0328125
0 0.45546875 0.25234375 0.01640625 0.0703125
0 0.96484375 0.4953125 0.04375 0.0328125
0 0.446875 0.02421875 0.021875 0.0484375
0 0.4515625 0.11640625 0.01875 0.08203125
0 0.01484375 0.11171875 0.02890625 0.03359375
0 0.53515625 0.65625 0.0171875 0.06640625
1 0.07421875 0.09296875 0.0421875 0.0328125
0 0.4015625 0.94921875 0.01640625 0.0671875
0 0.52265625 0.2921875 0.01875 0.08046875