0 0.34765625 0.98046875 0.0328125 0.0390625
0 0.4421875 0.2359375 0.028125 0.0375
0 0.44921875 0.17109375 0.03125 0.0390625
0 0.49140625 0.23984375 0.028125 0.0375
0 0.5 0.11796875 0.03125 0.04375
0 0.440625 0.29296875 0.028125 0.0375
0 0.35234375 0.92109375 0.03125 0.04375
0 0.371875 0.71171875 0.028125 0.034375
0 0.4859375 0.3625 0.028125 0.034375
0 0.496875 0.18203125 0.028125 0.0375
0 0.421875 0.70390625 0.028125 0.034375
0 0.98125 0.92734375 0.03125 0.0390625
0 0.4328125 0.35859375 0.03125 0.0375
0 0.79375 0.04296875 0.03125 0.034375
0 0.68125 0.62734375 0.0671875 0.015625
0 0.3703125 0.7578125 0.025 0.034375
0 0.74921875 0.54375 0.06875 0.015625
0 0.87890625 0.88046875 0.034375 0.034375
0 0.35546875 0.8609375 0.03125 0.0421875
0 0.9734375 0.5046875 0.053125 0.015625
0 0.88359375 0.54765625 0.08125 0.01875
0 0.50546875 0.03515625 0.03125 0.04375
0 0.0171875 0.46015625 0.034375 0.0171875
0 0.975 0.55234375 0.05 0.0234375
0 0.68515625 0.621875 0.06875 0.01875
0 0.36015625 0.80390625 0.028125 0.0359375
0 0.17734375 0.61875 0.0671875 0.01875
0 0.18125 0.62421875 0.0671875 0.015625
0 0.86640625 0.6 0.0640625 0.015625
1 0.90703125 0.92109375 0.0328125 0.04375
0 0.71796875 0.4796875 0.059375 0.0171875