0 0.64609375 0.98125 0.03125 0.0375
0 0.559375 0.2359375 0.028125 0.0375
0 0.55234375 0.1703125 0.03125 0.040625
0 0.559375 0.29375 0.028125 0.0375
0 0.51328125 0.3625 0.028125 0.0359375
0 0.50859375 0.23984375 0.028125 0.0390625
0 0.5015625 0.1171875 0.03125 0.0421875
0 0.62421875 0.71484375 0.028125 0.034375
0 0.57421875 0.70625 0.028125 0.0359375
0 0.0125 0.92890625 0.025 0.0390625
0 0.50390625 0.1828125 0.028125 0.0375
0 0.5671875 0.36015625 0.03125 0.0390625
0 0.634375 0.86328125 0.03125 0.040625
1 0.078125 0.9265625 0.0328125 0.04375
0 0.634375 0.80703125 0.028125 0.0375
0 0.2703125 0.628125 0.071875 0.0171875
0 0.215625 0.0625 0.034375 0.0359375
0 0.640625 0.92578125 0.03125 0.04375
0 0.24609375 0.54453125 0.0703125 0.0171875
0 0.109375 0.88359375 0.0328125 0.034375
0 0.6234375 0.76015625 0.025 0.034375
0 0.63203125 0.46640625 0.084375 0.01875
0 0.628125 0.4984375 0.06875 0.015625
0 0.49921875 0.03203125 0.03125 0.04375
0 0.665625 0.62578125 0.065625 0.0171875
0 0.97109375 0.496875 0.05625 0.0171875
0 0.24765625 0.60078125 0.0625 0.015625
0 0.45390625 0.59609375 0.065625 0.015625
0 0.57421875 0.01484375 0.028125 0.0296875
0 0.265625 0.62265625 0.071875 0.01875
0 0.5078125 0.3046875 0.03125 0.04375
0 0.63984375 0.871875 0.03125 0.04375