0 0.64609375 0.98046875 0.03125 0.0390625
0 0.55234375 0.17109375 0.03125 0.040625
0 0.55859375 0.2359375 0.028125 0.0375
0 0.6375 0.925 0.03125 0.04375
0 0.559375 0.29296875 0.028125 0.0359375
0 0.503125 0.11640625 0.03125 0.0421875
0 0.50859375 0.23828125 0.028125 0.0375
0 0.51328125 0.36171875 0.028125 0.034375
0 0.01171875 0.92890625 0.0234375 0.0390625
0 0.62265625 0.7125 0.028125 0.034375
0 0.50390625 0.18203125 0.028125 0.0375
0 0.5734375 0.7046875 0.028125 0.0359375
0 0.6296875 0.81015625 0.0296875 0.0375
0 0.21484375 0.06171875 0.0328125 0.0375
0 0.5671875 0.35546875 0.03125 0.0375
0 0.24609375 0.54375 0.0703125 0.015625
0 0.11171875 0.546875 0.08125 0.01875
0 0.11328125 0.63046875 0.065625 0.0171875
0 0.9546875 0.59140625 0.065625 0.015625
1 0.540625 0.46328125 0.0671875 0.01875
0 0.67265625 0.62578125 0.065625 0.015625
0 0.3921875 0.61875 0.08125 0.01875
0 0.56640625 0.59921875 0.0671875 0.01875
1 0.07890625 0.921875 0.03125 0.04375
0 0.01875 0.60234375 0.0375 0.015625
0 0.6234375 0.759375 0.025 0.0328125
0 0.67421875 0.6203125 0.065625 0.01875
0 0.11015625 0.88046875 0.0328125 0.0359375