0 0.55859375 0.7640625 0.028125 0.0375
0 0.509375 0.7609375 0.028125 0.0375
0 0.646875 0.0796875 0.03125 0.04375
0 0.56015625 0.70703125 0.028125 0.0359375
0 0.50078125 0.8828125 0.03125 0.04375
0 0.5515625 0.82890625 0.03125 0.040625
0 0.62734375 0.28828125 0.028125 0.034375
0 0.50390625 0.8171875 0.0296875 0.0375
0 0.5140625 0.63828125 0.028125 0.034375
0 0.578125 0.296875 0.028125 0.034375
0 0.653125 0.0203125 0.0328125 0.040625
0 0.01875 0.07265625 0.03125 0.0390625
0 0.56796875 0.64453125 0.03125 0.0375
0 0.20703125 0.9578125 0.03125 0.034375
0 0.63359375 0.24375 0.025 0.034375
0 0.49609375 0.9640625 0.03125 0.04375
0 0.25078125 0.45703125 0.06875 0.015625
0 0.11640625 0.453125 0.08125 0.01875
0 0.02578125 0.44921875 0.05 0.021875
0 0.16015625 0.371875 0.065625 0.015625
0 0.3140625 0.52890625 0.06875 0.0171875
1 0.09296875 0.0796875 0.0328125 0.04375
0 0.7546875 0.41328125 0.053125 0.015625
0 0.309375 0.5234375 0.06875 0.01875
0 0.79609375 0.5140625 0.065625 0.015625
0 0.64453125 0.13984375 0.03125 0.0421875
0 0.7515625 0.40859375 0.053125 0.0140625
0 0.31015625 0.496875 0.0640625 0.015625
0 0.30390625 0.403125 0.065625 0.0171875
0 0.12109375 0.12109375 0.034375 0.0359375
2 0.8890625 0.371875 0.221875 0.0375