0 0.553125 0.82890625 0.0296875 0.040625
0 0.625 0.2875 0.028125 0.034375
0 0.64921875 0.01953125 0.034375 0.0375
0 0.559375 0.76484375 0.028125 0.0375
0 0.64375 0.07578125 0.0328125 0.04375
0 0.50390625 0.88359375 0.03125 0.0421875
0 0.51015625 0.76171875 0.028125 0.0375
0 0.56015625 0.70703125 0.028125 0.0359375
0 0.01328125 0.0703125 0.0265625 0.0390625
0 0.6359375 0.1890625 0.0296875 0.0375
0 0.5140625 0.63828125 0.028125 0.034375
0 0.575 0.29609375 0.028125 0.034375
0 0.56796875 0.64140625 0.03125 0.0375
0 0.21484375 0.9375 0.034375 0.0375
0 0.509375 0.815625 0.028125 0.0375
0 0.62578125 0.23984375 0.025 0.0328125
0 0.3203125 0.4015625 0.06875 0.015625
0 0.24765625 0.45625 0.0703125 0.015625
0 0.1125 0.453125 0.08125 0.01875
0 0.9796875 0.50859375 0.040625 0.01875
0 0.371875 0.371875 0.084375 0.01875
0 0.1140625 0.11875 0.03125 0.034375
0 0.640625 0.1359375 0.03125 0.04375