0 0.4421875 0.23515625 0.028125 0.0375
0 0.490625 0.23828125 0.028125 0.0375
0 0.353125 0.9203125 0.03125 0.0421875
0 0.49921875 0.1171875 0.03125 0.04375
0 0.440625 0.29296875 0.028125 0.0359375
0 0.4484375 0.17109375 0.03125 0.040625
0 0.371875 0.71171875 0.028125 0.034375
0 0.4859375 0.36171875 0.028125 0.034375
0 0.49609375 0.1828125 0.0296875 0.0375
0 0.421875 0.703125 0.028125 0.034375
0 0.98125 0.92734375 0.03125 0.0390625
0 0.43203125 0.35859375 0.0296875 0.0375
0 0.79296875 0.0421875 0.0328125 0.0359375
0 0.34609375 0.9796875 0.0328125 0.040625
0 0.36640625 0.75625 0.025 0.034375
0 0.5046875 0.0359375 0.03125 0.04375
1 0.9078125 0.92109375 0.0328125 0.04375
0 0.75 0.54296875 0.06875 0.015625
0 0.75859375 0.62734375 0.0609375 0.015625
0 0.88359375 0.546875 0.08125 0.01875
0 0.97421875 0.55078125 0.05 0.021875
2 0.06171875 0.62734375 0.1234375 0.0375
0 0.596875 0.59609375 0.065625 0.015625
0 0.30546875 0.49296875 0.0625 0.015625
0 0.77890625 0.50390625 0.0796875 0.0171875
0 0.87890625 0.8796875 0.034375 0.0359375
0 0.08046875 0.46015625 0.0625 0.015625
0 0.77734375 0.47890625 0.0671875 0.0171875
0 0.77890625 0.47265625 0.06875 0.015625
0 0.14140625 0.584375 0.053125 0.0140625
0 0.3640625 0.80859375 0.0296875 0.034375