0 0.446875 0.82890625 0.0296875 0.040625
0 0.35625 0.07578125 0.0328125 0.04375
0 0.44140625 0.76484375 0.028125 0.0359375
0 0.48984375 0.76171875 0.028125 0.0375
0 0.35078125 0.01953125 0.034375 0.0375
0 0.375 0.2875 0.028125 0.034375
0 0.43984375 0.70703125 0.028125 0.0359375
0 0.49609375 0.88359375 0.03125 0.04375
0 0.4859375 0.63828125 0.028125 0.034375
0 0.9875 0.06875 0.025 0.0375
0 0.425 0.2953125 0.028125 0.034375
0 0.3640625 0.1890625 0.0296875 0.0375
0 0.43203125 0.64140625 0.0296875 0.0375
0 0.78515625 0.9375 0.034375 0.0375
0 0.490625 0.815625 0.028125 0.0375
0 0.75234375 0.45625 0.0703125 0.015625
0 0.359375 0.1359375 0.03125 0.04375
0 0.8875 0.453125 0.08125 0.01875
0 0.75859375 0.40078125 0.06875 0.0171875
0 0.8859375 0.11796875 0.03125 0.034375
0 0.04375 0.3796875 0.0734375 0.01875
0 0.37421875 0.23984375 0.025 0.0328125
1 0.5015625 0.965625 0.03125 0.0453125
0 0.70625 0.371875 0.084375 0.01875
0 0.91484375 0.0734375 0.03125 0.0421875
0 0.05078125 0.3859375 0.0734375 0.01875