0 0.01875 0.65 0.0375 0.03203125
0 0.7640625 0.56015625 0.03671875 0.028125
0 0.7609375 0.51015625 0.0375 0.02734375
0 0.8296875 0.55390625 0.040625 0.03125
0 0.8828125 0.503125 0.0421875 0.03203125
0 0.70703125 0.56015625 0.0359375 0.028125
0 0.07890625 0.6453125 0.04453125 0.03203125
0 0.2875 0.6265625 0.03515625 0.028125
0 0.071875 0.015625 0.0390625 0.03046875
0 0.64140625 0.51484375 0.034375 0.028125
0 0.13828125 0.6421875 0.04296875 0.03203125
0 0.9484375 0.209375 0.03671875 0.03125
0 0.296875 0.5765625 0.03515625 0.028125
0 0.64453125 0.56875 0.03828125 0.0296875
0 0.81484375 0.509375 0.0375 0.02734375
0 0.45625 0.25 0.01640625 0.0703125
0 0.1203125 0.11796875 0.034375 0.03125
0 0.453125 0.115625 0.01796875 0.08125
0 0.371875 0.26171875 0.0171875 0.06875
0 0.2421875 0.6328125 0.03515625 0.02578125
0 0.371875 0.58359375 0.01640625 0.06875
0 0.403125 0.45234375 0.01875 0.08125
1 0.69453125 0.51328125 0.0453125 0.03046875
0 0.37734375 0.5921875 0.01796875 0.06796875
0 0.48984375 0.0671875 0.01796875 0.07421875
1 0.96484375 0.496875 0.04453125 0.03203125