0 0.446875 0.17109375 0.03125 0.040625
0 0.440625 0.2359375 0.028125 0.0375
0 0.496875 0.1171875 0.03125 0.0421875
0 0.35078125 0.98046875 0.034375 0.0390625
0 0.490625 0.23828125 0.028125 0.0375
0 0.43984375 0.29296875 0.028125 0.0359375
0 0.35546875 0.9234375 0.03125 0.04375
0 0.37421875 0.7125 0.028125 0.0359375
0 0.9875 0.93046875 0.025 0.0390625
0 0.4859375 0.36171875 0.028125 0.034375
0 0.3640625 0.81015625 0.028125 0.0359375
0 0.42421875 0.703125 0.028125 0.034375
0 0.4953125 0.18203125 0.028125 0.0375
0 0.43203125 0.35859375 0.03125 0.0375
0 0.78515625 0.06171875 0.0375 0.0375
0 0.37421875 0.759375 0.025 0.0328125
0 0.40234375 0.59609375 0.071875 0.0171875
0 0.7515625 0.54375 0.06875 0.015625
0 0.35859375 0.86328125 0.03125 0.04375
0 0.88359375 0.88046875 0.0328125 0.034375
0 0.96796875 0.63515625 0.0640625 0.0171875
0 0.88671875 0.546875 0.08125 0.01875
0 0.9125 0.92109375 0.03125 0.040625
0 0.37265625 0.6265625 0.0625 0.0171875
0 0.2921875 0.49375 0.08125 0.01875
1 0.50234375 0.03515625 0.03125 0.04375
0 0.3796875 0.62109375 0.08125 0.0203125