0 0.76171875 0.51015625 0.0375 0.02734375
0 0.76484375 0.559375 0.0359375 0.02734375
0 0.8828125 0.503125 0.04296875 0.03203125
0 0.82890625 0.55390625 0.040625 0.0296875
0 0.08046875 0.646875 0.04296875 0.03125
0 0.7078125 0.5609375 0.0359375 0.02890625
0 0.28828125 0.628125 0.03515625 0.028125
0 0.64140625 0.515625 0.0359375 0.028125
0 0.29609375 0.57890625 0.03515625 0.02734375
0 0.0734375 0.01875 0.03984375 0.03203125
0 0.9578125 0.2078125 0.03359375 0.03046875
0 0.81484375 0.509375 0.0375 0.02734375
0 0.2421875 0.6296875 0.0328125 0.02578125
0 0.6421875 0.56875 0.0390625 0.0296875
0 0.45703125 0.25390625 0.0171875 0.06953125
0 0.4015625 0.56015625 0.0171875 0.06484375
0 0.45 0.025 0.021875 0.05
0 0.196875 0.640625 0.03671875 0.02890625
0 0.45390625 0.11640625 0.01796875 0.08125
0 0.4953125 0.29765625 0.015625 0.0546875
0 0.5046875 0.71640625 0.0171875 0.065625
0 0.6984375 0.51015625 0.04453125 0.03046875
0 0.0203125 0.653125 0.040625 0.03203125
1 0.0796875 0.09296875 0.04375 0.0328125
0 0.02578125 0.03046875 0.0203125 0.0609375