0 0.34453125 0.01953125 0.03125 0.0375
0 0.4421875 0.7640625 0.028125 0.0375
0 0.49140625 0.76015625 0.028125 0.0375
0 0.44921875 0.82890625 0.03125 0.040625
0 0.35078125 0.07734375 0.03125 0.04375
0 0.440625 0.70703125 0.028125 0.0375
0 0.5 0.8828125 0.03125 0.04375
0 0.4859375 0.6375 0.028125 0.034375
0 0.496875 0.8171875 0.0296875 0.0375
0 0.36796875 0.24140625 0.025 0.034375
0 0.37109375 0.28828125 0.028125 0.034375
0 0.4203125 0.296875 0.028125 0.034375
0 0.9796875 0.07109375 0.03125 0.0375
0 0.36171875 0.18984375 0.0296875 0.0359375
0 0.43203125 0.640625 0.03125 0.0375
0 0.79453125 0.9578125 0.03125 0.0359375
0 0.353125 0.1375 0.03125 0.04375
0 0.87890625 0.1171875 0.0328125 0.034375
0 0.74765625 0.45546875 0.0703125 0.015625
0 0.5046875 0.96484375 0.0328125 0.04375
0 0.97578125 0.446875 0.0484375 0.021875
0 0.88359375 0.4515625 0.08125 0.01875
0 0.88828125 0.01484375 0.034375 0.028125
0 0.34375 0.53515625 0.065625 0.0171875
1 0.90703125 0.07421875 0.0328125 0.0421875
0 0.05078125 0.4015625 0.0671875 0.015625
0 0.7078125 0.52265625 0.08125 0.01875