0 0.01953125 0.65234375 0.0390625 0.0328125
0 0.7640625 0.5578125 0.0375 0.028125
0 0.82890625 0.55078125 0.03984375 0.03046875
0 0.0796875 0.646875 0.04375 0.03125
0 0.70703125 0.559375 0.0359375 0.028125
0 0.88203125 0.5 0.04296875 0.03125
0 0.7609375 0.50859375 0.03828125 0.028125
0 0.28828125 0.628125 0.03515625 0.028125
0 0.63828125 0.5140625 0.034375 0.02734375
0 0.8171875 0.503125 0.03828125 0.02890625
0 0.29609375 0.578125 0.034375 0.02734375
0 0.07265625 0.01875 0.03828125 0.03125
0 0.64140625 0.5671875 0.03828125 0.03046875
0 0.95703125 0.20625 0.0359375 0.03203125
0 0.3703125 0.165625 0.015625 0.06796875
0 0.24296875 0.63359375 0.034375 0.02578125
0 0.45703125 0.25 0.01640625 0.06953125
1 0.07890625 0.09296875 0.04296875 0.0328125
0 0.45234375 0.11640625 0.01796875 0.08203125
0 0.375 0.6546875 0.01640625 0.065625
0 0.44921875 0.02578125 0.02265625 0.05078125
0 0.11953125 0.12109375 0.03515625 0.03359375
0 0.53125 0.45390625 0.0171875 0.0609375
0 0.4078125 0.896875 0.01796875 0.06953125
0 0.96484375 0.49453125 0.04453125 0.03125
0 0.4984375 0.20859375 0.0140625 0.05625