0 0.559375 0.7640625 0.028125 0.0375
0 0.64609375 0.01875 0.0328125 0.0375
0 0.5015625 0.8828125 0.03125 0.040625
0 0.55234375 0.82890625 0.03125 0.040625
0 0.559375 0.70625 0.028125 0.0375
0 0.50859375 0.76015625 0.028125 0.0390625
0 0.51328125 0.63671875 0.028125 0.0359375
0 0.62421875 0.28515625 0.028125 0.034375
0 0.57421875 0.29375 0.028125 0.0359375
0 0.50390625 0.8171875 0.028125 0.0375
0 0.01171875 0.07109375 0.0234375 0.0390625
0 0.634375 0.13671875 0.03125 0.040625
0 0.5671875 0.63984375 0.03125 0.0390625
0 0.634375 0.19296875 0.028125 0.0375
1 0.078125 0.0734375 0.03125 0.0421875
0 0.640625 0.07421875 0.03125 0.04375
0 0.54765625 0.53125 0.0828125 0.01875
0 0.21484375 0.9375 0.034375 0.0375
0 0.3609375 0.37265625 0.071875 0.0171875
0 0.24609375 0.45625 0.0703125 0.015625
0 0.11015625 0.1171875 0.03125 0.034375
0 0.375 0.4 0.0625 0.015625
0 0.6234375 0.23984375 0.025 0.034375
0 0.90390625 0.503125 0.065625 0.015625
0 0.78046875 0.375 0.0671875 0.01875
0 0.57578125 0.40390625 0.0625 0.0171875
0 0.53515625 0.50078125 0.065625 0.015625
0 0.7734375 0.38046875 0.065625 0.01875
0 0.36875 0.378125 0.071875 0.01875
0 0.63984375 0.128125 0.03125 0.04375