0 0.01875 0.64921875 0.0375 0.03125
0 0.7640625 0.56015625 0.0375 0.028125
0 0.7609375 0.51015625 0.0375 0.028125
0 0.82890625 0.55390625 0.040625 0.03125
0 0.8828125 0.503125 0.04375 0.03125
0 0.28828125 0.6265625 0.034375 0.028125
0 0.078125 0.6453125 0.04375 0.03125
0 0.70703125 0.5609375 0.0359375 0.028125
0 0.6375 0.51484375 0.034375 0.028125
0 0.071875 0.01640625 0.0390625 0.03125
0 0.29609375 0.57734375 0.034375 0.028125
0 0.953125 0.209375 0.034375 0.03125
0 0.64453125 0.56875 0.0375 0.0296875
0 0.81484375 0.509375 0.0375 0.028125
0 0.45625 0.25078125 0.015625 0.0703125
0 0.11875 0.1171875 0.034375 0.0328125
0 0.453125 0.11640625 0.01875 0.08125
0 0.371875 0.4296875 0.015625 0.0671875
0 0.2421875 0.6328125 0.034375 0.025
1 0.69453125 0.51328125 0.0453125 0.03125
0 0.4 0.0125 0.0171875 0.025
0 0.375 0.75546875 0.015625 0.065625
0 0.38125 0.75 0.01875 0.065625