0 0.51015625 0.23828125 0.028125 0.0375
0 0.55390625 0.1703125 0.0296875 0.040625
0 0.6484375 0.98046875 0.034375 0.0390625
0 0.55859375 0.23515625 0.028125 0.0359375
0 0.64375 0.92421875 0.0328125 0.04375
0 0.625 0.71328125 0.028125 0.034375
0 0.5609375 0.2921875 0.028125 0.0359375
0 0.503125 0.11640625 0.03125 0.04375
0 0.0125 0.93125 0.025 0.040625
0 0.5140625 0.36171875 0.028125 0.034375
0 0.6359375 0.8109375 0.0296875 0.0375
0 0.575 0.7046875 0.028125 0.034375
0 0.21484375 0.06171875 0.034375 0.0375
0 0.56796875 0.35859375 0.0296875 0.0375
0 0.509375 0.184375 0.028125 0.0375
0 0.76640625 0.62109375 0.075 0.01875
1 0.49765625 0.03359375 0.03125 0.046875
0 0.24765625 0.54375 0.0703125 0.015625
0 0.640625 0.8640625 0.03125 0.04375
0 0.11171875 0.54765625 0.08125 0.01875
0 0.0609375 0.6015625 0.06875 0.015625
0 0.76015625 0.615625 0.071875 0.01875
0 0.1328125 0.62890625 0.084375 0.01875
0 0.11328125 0.88203125 0.0328125 0.034375
0 0.62578125 0.76015625 0.025 0.034375
0 0.08515625 0.92734375 0.03125 0.0421875
0 0.89921875 0.58984375 0.084375 0.01875