0 0.559375 0.23515625 0.028125 0.0375
0 0.509375 0.2390625 0.028125 0.0375
0 0.64765625 0.9203125 0.03125 0.0421875
0 0.5015625 0.1171875 0.03125 0.04375
0 0.56015625 0.29296875 0.028125 0.0359375
0 0.628125 0.71171875 0.028125 0.034375
0 0.5515625 0.1703125 0.03125 0.040625
0 0.51484375 0.3625 0.028125 0.034375
0 0.50390625 0.1828125 0.028125 0.0375
0 0.578125 0.70390625 0.028125 0.034375
0 0.56875 0.35546875 0.03125 0.0375
0 0.6296875 0.7578125 0.025 0.0328125
0 0.20703125 0.0421875 0.03125 0.034375
0 0.01875 0.9265625 0.03125 0.0390625
0 0.65390625 0.9796875 0.0328125 0.040625
0 0.49609375 0.0359375 0.03125 0.04375
0 0.0578125 0.50546875 0.0625 0.015625
0 0.4796875 0.4671875 0.06875 0.0171875
0 0.2515625 0.54375 0.06875 0.015625
0 0.97421875 0.48359375 0.0515625 0.015625
0 0.115625 0.546875 0.08125 0.01875
0 0.02578125 0.55 0.05 0.021875
0 0.5015625 0.4984375 0.0828125 0.01875
2 0.75 0.62890625 0.26875 0.04375
1 0.09296875 0.9203125 0.0328125 0.04375
0 0.5734375 0.59375 0.053125 0.015625
0 0.0234375 0.6296875 0.046875 0.0171875
0 0.134375 0.5984375 0.0671875 0.0171875
1 0.64296875 0.86015625 0.03125 0.0421875
0 0.509375 0.3015625 0.03125 0.04375