0 0.346875 0.98046875 0.03125 0.0390625
0 0.4421875 0.2359375 0.028125 0.0375
0 0.44921875 0.17109375 0.03125 0.0390625
0 0.440625 0.29296875 0.028125 0.0359375
0 0.49140625 0.23984375 0.028125 0.0375
0 0.35234375 0.92109375 0.03125 0.04375
0 0.5 0.1171875 0.03125 0.04375
0 0.371875 0.71171875 0.028125 0.034375
0 0.4859375 0.3625 0.028125 0.034375
0 0.496875 0.1828125 0.028125 0.0375
0 0.421875 0.70390625 0.028125 0.034375
0 0.98046875 0.928125 0.03125 0.0390625
0 0.4328125 0.359375 0.03125 0.0375
0 0.79453125 0.0421875 0.03125 0.0359375
0 0.3546875 0.8609375 0.03125 0.0421875
0 0.36640625 0.75703125 0.025 0.034375
0 0.36328125 0.80859375 0.0296875 0.034375
0 0.55390625 0.6265625 0.065625 0.015625
0 0.74921875 0.54375 0.06875 0.015625
0 0.884375 0.54765625 0.08125 0.01875
0 0.97421875 0.5515625 0.05 0.021875
0 0.146875 0.4625 0.0671875 0.015625
0 0.50546875 0.03515625 0.03125 0.04375
0 0.87890625 0.88046875 0.034375 0.034375
0 0.7375 0.59921875 0.0625 0.015625
0 0.8515625 0.48046875 0.05625 0.015625
0 0.05 0.61875 0.06875 0.01875
0 0.04453125 0.625 0.065625 0.015625
0 0.4953125 0.30390625 0.034375 0.04375