0 0.553125 0.17109375 0.0296875 0.040625
0 0.625 0.7125 0.028125 0.034375
0 0.64921875 0.98046875 0.034375 0.0390625
0 0.559375 0.23515625 0.028125 0.0375
0 0.64375 0.92421875 0.0328125 0.04375
0 0.50390625 0.11640625 0.03125 0.0421875
0 0.51015625 0.23828125 0.028125 0.0375
0 0.56015625 0.29296875 0.028125 0.0359375
0 0.01328125 0.9296875 0.0265625 0.0390625
0 0.6359375 0.8109375 0.0296875 0.0375
0 0.5140625 0.36171875 0.028125 0.034375
0 0.575 0.70390625 0.028125 0.034375
0 0.56796875 0.35859375 0.03125 0.0375
0 0.21484375 0.0625 0.034375 0.0375
0 0.509375 0.184375 0.028125 0.0375
0 0.62578125 0.76015625 0.025 0.0328125
0 0.3203125 0.5984375 0.06875 0.015625
0 0.24765625 0.54375 0.0703125 0.015625
0 0.1125 0.546875 0.08125 0.01875
0 0.9796875 0.49140625 0.040625 0.01875
0 0.371875 0.628125 0.084375 0.01875
0 0.1140625 0.88125 0.03125 0.034375
0 0.640625 0.8640625 0.03125 0.04375