0 0.7640625 0.55859375 0.03671875 0.028125
0 0.70703125 0.559375 0.03671875 0.02890625
0 0.07421875 0.6375 0.04453125 0.0328125
0 0.63671875 0.51328125 0.0359375 0.028125
0 0.01875 0.64609375 0.0375 0.0328125
0 0.7609375 0.509375 0.03828125 0.028125
0 0.8828125 0.50234375 0.04296875 0.03125
0 0.8296875 0.55234375 0.040625 0.03125
0 0.29453125 0.5734375 0.0359375 0.02734375
0 0.81796875 0.50390625 0.03828125 0.0296875
0 0.2859375 0.6234375 0.03515625 0.028125
0 0.07109375 0.01171875 0.0390625 0.0234375
0 0.19375 0.63359375 0.0375 0.02890625
0 0.640625 0.5671875 0.03828125 0.03046875
0 0.52109375 0.059375 0.01875 0.0765625
0 0.49296875 0.0296875 0.015625 0.059375
0 0.1375 0.63359375 0.0421875 0.03125
0 0.45546875 0.2453125 0.0171875 0.06953125
1 0.0734375 0.078125 0.04296875 0.0328125
0 0.9375 0.21484375 0.0375 0.034375
0 0.50703125 0.78359375 0.0171875 0.06953125
0 0.1171875 0.11015625 0.03359375 0.03125
0 0.37109375 0.1875 0.01640625 0.0671875
0 0.453125 0.08984375 0.01875 0.08203125
0 0.3984375 0.25390625 0.01796875 0.07421875
0 0.37421875 0.8734375 0.01796875 0.075
0 0.4984375 0.4640625 0.0171875 0.06953125
0 0.96484375 0.49765625 0.04375 0.03125
0 0.12890625 0.63984375 0.04375 0.03125