0 0.76171875 0.51015625 0.0375 0.028125
0 0.8296875 0.55390625 0.040625 0.0296875
0 0.01953125 0.6484375 0.0375 0.034375
0 0.76484375 0.55859375 0.0359375 0.028125
0 0.07578125 0.64375 0.04375 0.0328125
0 0.28671875 0.625 0.034375 0.028125
0 0.7078125 0.5609375 0.0359375 0.028125
0 0.88359375 0.503125 0.04375 0.03125
0 0.06875 0.0125 0.040625 0.025
0 0.63828125 0.5140625 0.034375 0.028125
0 0.1890625 0.6359375 0.0375 0.0296875
0 0.2953125 0.575 0.034375 0.028125
0 0.93828125 0.21484375 0.0375 0.034375
0 0.64140625 0.56796875 0.0375 0.0296875
0 0.815625 0.509375 0.0375 0.028125
0 0.37890625 0.76640625 0.01875 0.075
1 0.96640625 0.49765625 0.046875 0.03125
0 0.45625 0.24765625 0.015625 0.0703125
0 0.1359375 0.640625 0.04375 0.03125
0 0.45234375 0.11171875 0.01875 0.08125
0 0.3984375 0.0609375 0.015625 0.06875
0 0.384375 0.76015625 0.01875 0.071875
0 0.37109375 0.1328125 0.01875 0.084375
0 0.11796875 0.11328125 0.034375 0.0328125
0 0.23984375 0.62578125 0.034375 0.025
0 0.07265625 0.08515625 0.0421875 0.03125
0 0.41015625 0.89921875 0.01875 0.084375