0 0.6546875 0.98046875 0.03125 0.0375
0 0.5578125 0.2359375 0.028125 0.0375
0 0.6484375 0.921875 0.03125 0.04375
0 0.55078125 0.17109375 0.03125 0.040625
0 0.5 0.1171875 0.03125 0.04375
0 0.50859375 0.23984375 0.028125 0.0375
0 0.559375 0.29296875 0.028125 0.0375
0 0.5140625 0.3625 0.028125 0.034375
0 0.503125 0.18359375 0.0296875 0.0375
0 0.64609375 0.86171875 0.03125 0.04375
0 0.63125 0.75859375 0.025 0.0328125
0 0.57890625 0.7046875 0.028125 0.034375
0 0.62890625 0.7125 0.028125 0.034375
0 0.6375 0.809375 0.0296875 0.0359375
0 0.20546875 0.0421875 0.03125 0.0359375
0 0.56796875 0.359375 0.03125 0.0375
0 0.01953125 0.928125 0.03125 0.0390625
0 0.4953125 0.03515625 0.0328125 0.04375
0 0.18359375 0.4796875 0.065625 0.015625
0 0.25078125 0.54453125 0.0703125 0.0171875
0 0.96875 0.4578125 0.0625 0.0171875
0 0.11640625 0.54765625 0.08125 0.01875
0 0.1109375 0.98515625 0.034375 0.0296875
0 0.121875 0.88125 0.034375 0.034375
0 0.5984375 0.4640625 0.08125 0.01875
0 0.02421875 0.553125 0.0484375 0.021875
0 0.56171875 0.6046875 0.0703125 0.0171875
0 0.5078125 0.30546875 0.03125 0.04375