0 0.34609375 0.0203125 0.03125 0.0390625
0 0.4421875 0.7640625 0.028125 0.0375
0 0.44921875 0.82890625 0.03125 0.040625
0 0.5 0.8828125 0.03125 0.04375
0 0.440625 0.70703125 0.028125 0.0375
0 0.35234375 0.07890625 0.03125 0.04375
0 0.49140625 0.76015625 0.028125 0.0375
0 0.4859375 0.63828125 0.028125 0.034375
0 0.496875 0.8171875 0.0296875 0.0375
0 0.371875 0.2875 0.028125 0.034375
0 0.42109375 0.29609375 0.028125 0.034375
0 0.3546875 0.1390625 0.03125 0.04375
0 0.98125 0.071875 0.03125 0.0390625
0 0.79453125 0.9578125 0.03125 0.0359375
0 0.43203125 0.640625 0.03125 0.0375
0 0.36953125 0.2421875 0.025 0.034375
0 0.36328125 0.190625 0.0296875 0.034375
0 0.8796875 0.11875 0.034375 0.034375
0 0.7484375 0.45546875 0.0703125 0.015625
0 0.975 0.44765625 0.05 0.0234375
0 0.88359375 0.45234375 0.08125 0.01875
0 0.159375 0.53828125 0.06875 0.0171875
0 0.17890625 0.378125 0.06875 0.01875
0 0.353125 0.4046875 0.0671875 0.0171875
0 0.565625 0.52890625 0.065625 0.0171875
0 0.17109375 0.38359375 0.06875 0.01875
1 0.90703125 0.078125 0.034375 0.04375
0 0.50546875 0.9640625 0.03125 0.04375