0 0.55859375 0.2359375 0.028125 0.0375
0 0.559375 0.29296875 0.028125 0.0375
0 0.6375 0.92578125 0.0328125 0.04375
0 0.51328125 0.36328125 0.028125 0.0359375
0 0.64609375 0.98125 0.0328125 0.0375
0 0.509375 0.2390625 0.028125 0.0375
0 0.50234375 0.1171875 0.03125 0.04375
0 0.55234375 0.1703125 0.03125 0.040625
0 0.5734375 0.70546875 0.028125 0.0359375
0 0.50390625 0.18203125 0.0296875 0.0375
0 0.6234375 0.7140625 0.028125 0.034375
0 0.01171875 0.92890625 0.0234375 0.0390625
0 0.63359375 0.80625 0.028125 0.0375
0 0.5671875 0.359375 0.03125 0.0375
0 0.059375 0.47890625 0.0765625 0.01875
0 0.0296875 0.50703125 0.059375 0.015625
0 0.63359375 0.8625 0.03125 0.0421875
0 0.2453125 0.54453125 0.06875 0.0171875
1 0.078125 0.9265625 0.0328125 0.04375
0 0.21484375 0.0625 0.034375 0.0375
0 0.78359375 0.49296875 0.06875 0.0171875
0 0.11015625 0.8828125 0.03125 0.034375
0 0.1875 0.62890625 0.0671875 0.015625
0 0.08984375 0.546875 0.08125 0.01875
0 0.25390625 0.6015625 0.075 0.01875
0 0.8734375 0.62578125 0.075 0.01875
0 0.4640625 0.5015625 0.06875 0.0171875
0 0.49765625 0.03515625 0.03125 0.04375
0 0.63984375 0.87109375 0.03125 0.04375