0 0.34609375 0.98046875 0.03125 0.0390625
0 0.5 0.1171875 0.03125 0.04375
0 0.4421875 0.2359375 0.028125 0.0375
0 0.44921875 0.17109375 0.03125 0.040625
0 0.440625 0.29296875 0.028125 0.0375
0 0.49140625 0.23984375 0.028125 0.0375
0 0.35234375 0.921875 0.03125 0.04375
0 0.4859375 0.3625 0.028125 0.034375
0 0.496875 0.18359375 0.0296875 0.0375
0 0.3546875 0.86171875 0.03125 0.04375
0 0.371875 0.7125 0.028125 0.034375
0 0.36953125 0.75859375 0.025 0.034375
0 0.42109375 0.70390625 0.028125 0.034375
0 0.79453125 0.0421875 0.03125 0.0375
0 0.98046875 0.928125 0.03125 0.0390625
0 0.36328125 0.809375 0.0296875 0.0359375
0 0.43203125 0.359375 0.03125 0.0375
0 0.8796875 0.88203125 0.0328125 0.034375
0 0.85 0.60703125 0.0625 0.015625
0 0.43359375 0.4671875 0.0671875 0.0171875
0 0.7484375 0.54453125 0.06875 0.015625
0 0.025 0.45625 0.05 0.01875
0 0.5046875 0.0359375 0.0328125 0.04375
0 0.8390625 0.48046875 0.0625 0.015625
0 0.88359375 0.5484375 0.08125 0.01875
0 0.97578125 0.55234375 0.0484375 0.021875
0 0.075 0.59375 0.071875 0.0171875
0 0.4921875 0.3046875 0.03125 0.0453125