0 0.48984375 0.76171875 0.028125 0.0375
0 0.440625 0.76484375 0.028125 0.0359375
0 0.446875 0.8296875 0.0296875 0.040625
0 0.49609375 0.88359375 0.03125 0.04375
0 0.353125 0.08046875 0.03125 0.04375
0 0.371875 0.28828125 0.028125 0.034375
0 0.484375 0.64140625 0.028125 0.0375
0 0.4390625 0.7078125 0.028125 0.0375
0 0.421875 0.296875 0.028125 0.034375
0 0.7921875 0.95859375 0.03125 0.034375
0 0.98203125 0.07734375 0.03125 0.040625
0 0.490625 0.815625 0.028125 0.0375
0 0.43125 0.6421875 0.0296875 0.0390625
0 0.36640625 0.24375 0.025 0.034375
0 0.7484375 0.45703125 0.06875 0.0171875
0 0.88359375 0.453125 0.08125 0.01875
0 0.3421875 0.40390625 0.06875 0.015625
0 0.90546875 0.39921875 0.065625 0.015625
0 0.48984375 0.69921875 0.03125 0.04375
0 0.24375 0.5046875 0.059375 0.015625
0 0.346875 0.0203125 0.0328125 0.040625
0 0.88046875 0.11953125 0.034375 0.034375
0 0.98203125 0.45 0.0359375 0.01875
0 0.67265625 0.50078125 0.059375 0.015625
0 0.36015625 0.196875 0.028125 0.034375
0 0.36171875 0.14140625 0.0375 0.040625
0 0.50234375 0.96875 0.040625 0.05625