0 0.64609375 0.98046875 0.03125 0.0390625
0 0.55234375 0.17109375 0.03125 0.040625
0 0.559375 0.29296875 0.028125 0.0359375
0 0.55859375 0.23515625 0.028125 0.0375
0 0.50859375 0.23828125 0.028125 0.0375
0 0.51328125 0.36171875 0.028125 0.034375
0 0.503125 0.11640625 0.03125 0.0421875
0 0.6375 0.92421875 0.03125 0.04375
0 0.62265625 0.7125 0.028125 0.034375
0 0.0125 0.928125 0.025 0.0390625
0 0.50390625 0.18203125 0.028125 0.0375
0 0.57421875 0.7046875 0.028125 0.0359375
0 0.5671875 0.35859375 0.03125 0.0375
0 0.63046875 0.81015625 0.0296875 0.0375
0 0.21484375 0.0625 0.0328125 0.0375
0 0.24609375 0.54375 0.0703125 0.015625
0 0.1109375 0.546875 0.08125 0.01875
0 0.6234375 0.759375 0.025 0.0328125
0 0.3359375 0.62890625 0.06875 0.0171875
0 0.9734375 0.49453125 0.053125 0.0171875
0 0.8515625 0.596875 0.06875 0.01875
0 0.6453125 0.61484375 0.084375 0.021875
0 0.26953125 0.6 0.059375 0.015625
0 0.1109375 0.88125 0.0328125 0.034375
0 0.90078125 0.625 0.065625 0.0171875
0 0.32890625 0.62421875 0.06875 0.01875