0 0.8296875 0.55390625 0.03984375 0.0296875
0 0.76171875 0.51015625 0.0375 0.02734375
0 0.76484375 0.55859375 0.0359375 0.02734375
0 0.01875 0.6484375 0.0375 0.03359375
0 0.28671875 0.625 0.03515625 0.028125
0 0.7078125 0.5609375 0.0359375 0.028125
0 0.075 0.64375 0.04453125 0.0328125
0 0.88359375 0.5046875 0.04296875 0.03125
0 0.06875 0.0125 0.040625 0.025
0 0.1890625 0.6359375 0.03671875 0.0296875
0 0.63828125 0.5140625 0.03515625 0.028125
0 0.2953125 0.575 0.03515625 0.02734375
0 0.93828125 0.21484375 0.0375 0.03359375
0 0.64140625 0.56796875 0.03828125 0.0296875
0 0.815625 0.509375 0.03828125 0.028125
0 0.45625 0.24765625 0.01640625 0.0703125
0 0.45390625 0.1109375 0.01875 0.08125
1 0.96640625 0.49765625 0.04609375 0.03203125
0 0.378125 0.68515625 0.01796875 0.07421875
0 0.1359375 0.640625 0.04296875 0.03125
0 0.3671875 0.0609375 0.01875 0.08515625
0 0.11796875 0.11328125 0.03359375 0.03203125
0 0.49296875 0.0640625 0.015625 0.06328125
0 0.23984375 0.62578125 0.03359375 0.02578125
0 0.39765625 0.0078125 0.0171875 0.015625