0 0.55859375 0.76484375 0.028125 0.0375
0 0.509375 0.7609375 0.028125 0.0375
0 0.64765625 0.0796875 0.03125 0.04375
0 0.5015625 0.8828125 0.03125 0.04375
0 0.5515625 0.83046875 0.03125 0.040625
0 0.56015625 0.70703125 0.028125 0.0359375
0 0.628125 0.28828125 0.028125 0.034375
0 0.5140625 0.6375 0.028125 0.034375
0 0.50390625 0.8171875 0.028125 0.0375
0 0.578125 0.29609375 0.028125 0.034375
0 0.01953125 0.07265625 0.03125 0.040625
0 0.56875 0.64453125 0.03125 0.0375
0 0.20703125 0.9578125 0.03125 0.034375
0 0.63359375 0.24375 0.025 0.034375
0 0.49609375 0.9640625 0.03125 0.04375
0 0.25078125 0.45625 0.06875 0.015625
0 0.02578125 0.44921875 0.0515625 0.021875
1 0.09296875 0.0796875 0.0328125 0.04375
0 0.39765625 0.53125 0.06875 0.0171875
0 0.11640625 0.45234375 0.08125 0.01875
0 0.2203125 0.40234375 0.0671875 0.0171875
0 0.0859375 0.3703125 0.065625 0.015625
0 0.65390625 0.0203125 0.0328125 0.040625
0 0.88984375 0.51484375 0.0625 0.015625
0 0.6640625 0.4078125 0.053125 0.015625
0 0.12109375 0.12109375 0.034375 0.0375