0 0.44140625 0.7640625 0.028125 0.0375
0 0.35390625 0.01875 0.0328125 0.0375
0 0.48671875 0.63671875 0.028125 0.0359375
0 0.440625 0.70703125 0.028125 0.0375
0 0.490625 0.7609375 0.028125 0.0375
0 0.49765625 0.8828125 0.03125 0.0421875
0 0.446875 0.8296875 0.03125 0.040625
0 0.36015625 0.07578125 0.03125 0.04375
0 0.4265625 0.29453125 0.028125 0.034375
0 0.49609375 0.81796875 0.028125 0.0375
0 0.98828125 0.07109375 0.0234375 0.0390625
0 0.378125 0.2859375 0.028125 0.034375
0 0.4328125 0.640625 0.03125 0.0375
0 0.36640625 0.19375 0.028125 0.0375
0 0.68515625 0.403125 0.0609375 0.015625
1 0.921875 0.07421875 0.03125 0.04375
0 0.36640625 0.13828125 0.03125 0.040625
0 0.82109375 0.37109375 0.065625 0.015625
0 0.88984375 0.11796875 0.03125 0.034375
0 0.75390625 0.45703125 0.0703125 0.015625
0 0.846875 0.49140625 0.065625 0.015625
0 0.88984375 0.453125 0.08125 0.01875
0 0.78515625 0.9375 0.034375 0.0375
0 0.5375 0.503125 0.06875 0.0171875
0 0.478125 0.3734375 0.065625 0.0171875
0 0.3328125 0.40234375 0.078125 0.01875
0 0.8359375 0.51953125 0.05625 0.015625
0 0.48125 0.37890625 0.065625 0.01875
0 0.36015625 0.12890625 0.03125 0.04375