0 0.34609375 0.01953125 0.03125 0.0390625
0 0.4421875 0.7640625 0.028125 0.0375
0 0.5 0.8828125 0.03125 0.04375
0 0.44921875 0.82890625 0.03125 0.0390625
0 0.440625 0.70703125 0.028125 0.0375
0 0.35234375 0.078125 0.03125 0.04375
0 0.49140625 0.76015625 0.028125 0.0375
0 0.4859375 0.6375 0.028125 0.034375
0 0.496875 0.8171875 0.0296875 0.0375
0 0.371875 0.2875 0.028125 0.034375
0 0.36953125 0.2421875 0.025 0.0328125
0 0.42109375 0.29609375 0.028125 0.034375
0 0.3546875 0.13828125 0.03125 0.04375
0 0.98046875 0.071875 0.03125 0.0390625
0 0.79375 0.9578125 0.03125 0.0359375
0 0.36328125 0.190625 0.0296875 0.0359375
0 0.43203125 0.64140625 0.03125 0.0375
0 0.8796875 0.11796875 0.034375 0.034375
0 0.9375 0.38984375 0.065625 0.015625
0 0.7484375 0.45546875 0.06875 0.015625
0 0.34296875 0.53515625 0.065625 0.015625
0 0.97578125 0.44765625 0.0484375 0.021875
0 0.88359375 0.4515625 0.08125 0.01875
0 0.75078125 0.52109375 0.0625 0.015625
0 0.50546875 0.96796875 0.03125 0.04375
0 0.16796875 0.40625 0.06875 0.01875
0 0.01875 0.378125 0.0375 0.015625
0 0.4921875 0.6953125 0.03125 0.04375