0 0.7640625 0.55859375 0.0375 0.028125
0 0.01875 0.64609375 0.0375 0.0328125
0 0.7609375 0.509375 0.0375 0.028125
0 0.6375 0.51328125 0.034375 0.028125
0 0.70703125 0.559375 0.0375 0.028125
0 0.8296875 0.553125 0.040625 0.03125
0 0.8828125 0.5015625 0.0421875 0.03125
0 0.07578125 0.63984375 0.04375 0.03125
0 0.07109375 0.01171875 0.0390625 0.0234375
0 0.81796875 0.50390625 0.0375 0.028125
0 0.29453125 0.57421875 0.0359375 0.028125
0 0.28671875 0.62265625 0.034375 0.028125
0 0.640625 0.5671875 0.0375 0.03125
0 0.1890625 0.6296875 0.0375 0.0296875
1 0.07421875 0.078125 0.04375 0.0328125
0 0.396875 0.10625 0.015625 0.0671875
0 0.9375 0.21484375 0.0375 0.034375
0 0.40390625 0.49375 0.015625 0.059375
0 0.45703125 0.24609375 0.015625 0.06875
0 0.45234375 0.11015625 0.01875 0.08125
0 0.371875 0.3109375 0.015625 0.0640625
0 0.37421875 0.0234375 0.01875 0.046875
0 0.40390625 0.840625 0.01875 0.078125
0 0.54140625 0.959375 0.01875 0.0671875
0 0.375 0.665625 0.015625 0.06875
0 0.51796875 0.02734375 0.0140625 0.053125
0 0.49921875 0.325 0.015625 0.0671875
0 0.11875 0.1109375 0.034375 0.03125
0 0.37734375 0.30625 0.0171875 0.0640625
0 0.13515625 0.63828125 0.0421875 0.0296875
0 0.96484375 0.49765625 0.04375 0.03125