0 0.3546875 0.98125 0.03125 0.0375
0 0.3625 0.925 0.03125 0.04375
0 0.440625 0.2359375 0.028125 0.0375
0 0.440625 0.29296875 0.028125 0.0359375
0 0.48671875 0.3625 0.028125 0.0359375
0 0.4984375 0.11640625 0.03125 0.0421875
0 0.44765625 0.1703125 0.03125 0.040625
0 0.490625 0.23828125 0.028125 0.0375
0 0.37734375 0.7125 0.028125 0.0359375
0 0.98828125 0.92734375 0.0234375 0.0390625
0 0.49609375 0.18203125 0.028125 0.0375
0 0.4265625 0.7046875 0.028125 0.0359375
0 0.4328125 0.35859375 0.03125 0.0375
0 0.3703125 0.8109375 0.0296875 0.0375
0 0.78515625 0.0625 0.034375 0.0375
0 0.9578125 0.5046875 0.065625 0.015625
0 0.75390625 0.54375 0.0703125 0.015625
0 0.8890625 0.54609375 0.08125 0.01875
0 0.4078125 0.6265625 0.065625 0.015625
0 0.9625 0.63046875 0.0671875 0.01875
0 0.14609375 0.59140625 0.065625 0.015625
0 0.6953125 0.6203125 0.08125 0.0203125
1 0.92109375 0.921875 0.0328125 0.04375
0 0.39765625 0.62109375 0.065625 0.01875
0 0.3765625 0.759375 0.025 0.0328125
0 0.14140625 0.58671875 0.065625 0.015625
0 0.53203125 0.6 0.065625 0.015625
0 0.04296875 0.61875 0.0703125 0.01875
0 0.36171875 0.8640625 0.0296875 0.0421875