0 0.6453125 0.01875 0.03125 0.0375
0 0.6375 0.075 0.03125 0.04375
0 0.559375 0.7640625 0.028125 0.0375
0 0.559375 0.70703125 0.028125 0.0359375
0 0.51328125 0.6375 0.028125 0.0359375
0 0.5015625 0.88359375 0.03125 0.0421875
0 0.55234375 0.8296875 0.03125 0.040625
0 0.509375 0.76171875 0.028125 0.0375
0 0.62265625 0.2875 0.028125 0.0359375
0 0.01171875 0.07265625 0.0234375 0.0390625
0 0.50390625 0.81796875 0.028125 0.0375
0 0.5734375 0.2953125 0.028125 0.0359375
0 0.5671875 0.64140625 0.03125 0.0375
0 0.6296875 0.1890625 0.0296875 0.0375
0 0.21484375 0.9375 0.034375 0.0375
0 0.0421875 0.4953125 0.065625 0.015625
0 0.24609375 0.45625 0.0703125 0.015625
0 0.1109375 0.45390625 0.08125 0.01875
0 0.5921875 0.3734375 0.065625 0.015625
0 0.0375 0.36953125 0.0671875 0.01875
0 0.85390625 0.40859375 0.065625 0.015625
0 0.3046875 0.3796875 0.08125 0.0203125
1 0.07890625 0.078125 0.0328125 0.04375
0 0.60234375 0.37890625 0.065625 0.01875
0 0.6234375 0.240625 0.025 0.0328125
0 0.85859375 0.41328125 0.065625 0.015625
0 0.46796875 0.4 0.065625 0.015625
0 0.95703125 0.38125 0.0703125 0.01875
0 0.63828125 0.1359375 0.0296875 0.0421875