0 0.65234375 0.98046875 0.0328125 0.0390625
0 0.5578125 0.2359375 0.028125 0.0375
0 0.55078125 0.17109375 0.03125 0.040625
0 0.646875 0.9203125 0.03125 0.04375
0 0.559375 0.29296875 0.028125 0.0359375
0 0.5 0.11796875 0.03125 0.04375
0 0.50859375 0.2390625 0.028125 0.0375
0 0.628125 0.71171875 0.028125 0.034375
0 0.5140625 0.36171875 0.028125 0.034375
0 0.503125 0.1828125 0.028125 0.0375
0 0.578125 0.70390625 0.028125 0.034375
0 0.01875 0.92734375 0.03125 0.0375
0 0.5671875 0.35859375 0.03125 0.0375
0 0.20625 0.04296875 0.03125 0.0359375
0 0.165625 0.6296875 0.06875 0.015625
0 0.63359375 0.75703125 0.025 0.034375
0 0.25 0.54296875 0.06875 0.015625
1 0.09296875 0.92109375 0.0328125 0.04375
0 0.11640625 0.54765625 0.08125 0.01875
0 0.6546875 0.625 0.065625 0.015625
0 0.02578125 0.55078125 0.05 0.021875
0 0.12109375 0.88046875 0.034375 0.034375
0 0.45390625 0.46875 0.0609375 0.0171875
0 0.896875 0.5921875 0.06875 0.01875
0 0.49453125 0.03515625 0.03125 0.04375
0 0.20859375 0.5015625 0.05625 0.0140625