0 0.55859375 0.2359375 0.028125 0.0375
0 0.509375 0.2390625 0.028125 0.0375
0 0.646875 0.9203125 0.03125 0.0421875
0 0.56015625 0.29296875 0.028125 0.0359375
0 0.50078125 0.1171875 0.03125 0.04375
0 0.5515625 0.17109375 0.03125 0.040625
0 0.62734375 0.71171875 0.028125 0.034375
0 0.50390625 0.1828125 0.0296875 0.0375
0 0.5140625 0.36171875 0.028125 0.034375
0 0.578125 0.703125 0.028125 0.034375
0 0.653125 0.9796875 0.0328125 0.040625
0 0.01875 0.92734375 0.03125 0.0390625
0 0.56796875 0.35546875 0.03125 0.0375
0 0.20703125 0.0421875 0.03125 0.034375
0 0.63359375 0.75625 0.025 0.034375
0 0.49609375 0.0359375 0.03125 0.04375
0 0.25078125 0.54296875 0.06875 0.015625
0 0.11640625 0.546875 0.08125 0.01875
0 0.02578125 0.55078125 0.05 0.021875
0 0.16015625 0.628125 0.065625 0.015625
0 0.3140625 0.47109375 0.06875 0.0171875
1 0.09296875 0.9203125 0.0328125 0.04375
0 0.7546875 0.58671875 0.053125 0.015625
0 0.309375 0.4765625 0.06875 0.01875
0 0.79609375 0.4859375 0.065625 0.015625
0 0.64453125 0.86015625 0.03125 0.0421875
0 0.7515625 0.59140625 0.053125 0.0140625
0 0.31015625 0.503125 0.0640625 0.015625
0 0.30390625 0.596875 0.065625 0.0171875
0 0.12109375 0.87890625 0.034375 0.0359375
2 0.8890625 0.628125 0.221875 0.0375