0 0.98125 0.64609375 0.0375 0.0328125
0 0.17109375 0.553125 0.040625 0.0296875
0 0.23515625 0.559375 0.0375 0.028125
0 0.92421875 0.640625 0.04375 0.03125
0 0.29296875 0.56015625 0.0359375 0.028125
0 0.11640625 0.503125 0.04375 0.03125
0 0.23828125 0.50859375 0.0375 0.028125
0 0.36171875 0.51328125 0.034375 0.028125
0 0.7125 0.6234375 0.034375 0.028125
0 0.928125 0.0125 0.0390625 0.025
0 0.7046875 0.57421875 0.0359375 0.028125
0 0.18203125 0.5046875 0.0375 0.028125
0 0.06171875 0.2140625 0.0375 0.0328125
0 0.35859375 0.5671875 0.0375 0.03125
0 0.80546875 0.634375 0.0375 0.028125
0 0.6265625 0.10078125 0.015625 0.06875
0 0.54375 0.246875 0.015625 0.071875
0 0.546875 0.11171875 0.01875 0.08125
0 0.496875 0.75859375 0.015625 0.065625
0 0.628125 0.4984375 0.0171875 0.065625
0 0.88125 0.1109375 0.034375 0.03125
0 0.6109375 0.828125 0.021875 0.0859375
0 0.76015625 0.62421875 0.0328125 0.025
0 0.60078125 0.12421875 0.0171875 0.0765625
0 0.47109375 0.1328125 0.0171875 0.0625
0 0.5984375 0.44609375 0.015625 0.065625
0 0.86171875 0.63359375 0.04375 0.0375
0 0.3015625 0.50859375 0.053125 0.0328125
0 0.0359375 0.49765625 0.0484375 0.034375