0 0.76484375 0.55859375 0.0359375 0.02734375
0 0.76171875 0.51015625 0.03828125 0.02734375
0 0.01953125 0.6515625 0.0390625 0.03125
0 0.8296875 0.55390625 0.03984375 0.0296875
0 0.8828125 0.50390625 0.04296875 0.03125
0 0.0796875 0.64609375 0.04296875 0.03125
0 0.7078125 0.5609375 0.0359375 0.028125
0 0.64140625 0.515625 0.0359375 0.028125
0 0.28828125 0.62734375 0.03515625 0.02890625
1 0.02265625 0.04453125 0.0265625 0.0671875
0 0.0765625 0.0171875 0.040625 0.03203125
0 0.959375 0.20859375 0.034375 0.03125
0 0.296875 0.578125 0.034375 0.02734375
0 0.6421875 0.56875 0.03828125 0.0296875
0 0.815625 0.509375 0.03828125 0.028125
0 0.40859375 0.61328125 0.015625 0.065625
0 0.45703125 0.25078125 0.01640625 0.06953125
0 0.24375 0.6328125 0.03515625 0.02578125
0 0.53125 0.34921875 0.015625 0.0609375
0 0.45390625 0.11640625 0.01796875 0.08046875
0 0.6984375 0.51015625 0.04453125 0.03125
0 0.37421875 0.54375 0.015625 0.0625
0 0.96484375 0.4984375 0.04296875 0.03125
0 0.3796875 0.53828125 0.01640625 0.0625
0 0.50859375 0.8203125 0.0171875 0.0671875
0 0.11953125 0.11875 0.03515625 0.034375
0 0.39921875 0.10234375 0.015625 0.06953125
1 0.1390625 0.64296875 0.04296875 0.03125
1 0.07890625 0.090625 0.04375 0.0328125