0 0.7640625 0.559375 0.0375 0.028125
0 0.07421875 0.6375 0.04453125 0.03203125
0 0.82890625 0.55234375 0.03984375 0.03125
0 0.70625 0.559375 0.0375 0.02890625
0 0.7609375 0.50859375 0.0390625 0.02890625
0 0.01875 0.64609375 0.0375 0.0328125
0 0.8828125 0.5015625 0.0421875 0.03125
0 0.6375 0.51328125 0.0359375 0.028125
0 0.2953125 0.57265625 0.034375 0.0265625
0 0.8171875 0.50390625 0.03828125 0.0296875
0 0.2859375 0.6234375 0.034375 0.028125
0 0.07109375 0.01171875 0.0390625 0.0234375
0 0.63984375 0.5671875 0.0390625 0.03125
0 0.19375 0.63359375 0.0375 0.02890625
0 0.9640625 0.49765625 0.04296875 0.03125
0 0.3703125 0.1 0.0171875 0.071875
0 0.9375 0.21484375 0.03671875 0.03359375
0 0.39609375 0.0171875 0.0171875 0.034375
0 0.375 0.8703125 0.0171875 0.0703125
0 0.45546875 0.22421875 0.01640625 0.06796875
0 0.11796875 0.1109375 0.03359375 0.03125
0 0.40234375 0.71328125 0.01640625 0.06796875
0 0.1375 0.634375 0.04140625 0.03046875
1 0.07421875 0.078125 0.04296875 0.03203125
0 0.53671875 0.76640625 0.0203125 0.08828125
0 0.40234375 0.2328125 0.015625 0.06640625
0 0.40546875 0.94453125 0.0171875 0.06875
0 0.50234375 0.77734375 0.0171875 0.0703125
0 0.38046875 0.875 0.01875 0.07109375
0 0.37109375 0.45546875 0.01640625 0.06328125
0 0.890625 0.59453125 0.0375 0.02890625
0 0.6953125 0.5078125 0.04453125 0.03125