0 0.44140625 0.2359375 0.028125 0.0375
0 0.35390625 0.98125 0.0328125 0.0375
0 0.48671875 0.36328125 0.028125 0.0359375
0 0.440625 0.29296875 0.028125 0.0375
0 0.44765625 0.16953125 0.03125 0.040625
0 0.49765625 0.1171875 0.03125 0.04375
0 0.490625 0.2390625 0.028125 0.0375
0 0.36015625 0.92421875 0.03125 0.04375
0 0.49609375 0.18203125 0.028125 0.0375
0 0.98828125 0.92890625 0.0234375 0.0390625
0 0.4265625 0.70546875 0.028125 0.034375
0 0.378125 0.7140625 0.028125 0.034375
0 0.4328125 0.359375 0.03125 0.0375
0 0.36640625 0.80625 0.028125 0.0375
0 0.64921875 0.596875 0.0609375 0.015625
0 0.78515625 0.0625 0.034375 0.0375
0 0.88984375 0.88203125 0.03125 0.034375
0 0.36640625 0.8625 0.03125 0.040625
0 0.75390625 0.54375 0.0703125 0.015625
0 0.88984375 0.54609375 0.0828125 0.01875
0 0.87265625 0.509375 0.065625 0.015625
0 0.56484375 0.49765625 0.06875 0.0171875
0 0.45078125 0.6265625 0.065625 0.015625
0 0.7984375 0.62890625 0.065625 0.015625
0 0.29921875 0.59765625 0.0796875 0.01875
0 0.859375 0.48046875 0.0578125 0.015625
0 0.4546875 0.62109375 0.0671875 0.01875
0 0.50234375 0.03515625 0.03125 0.04375
0 0.378125 0.75859375 0.028125 0.0328125
0 0.4953125 0.30234375 0.03125 0.0484375