0 0.17109375 0.553125 0.040625 0.03125
0 0.2359375 0.559375 0.0375 0.028125
0 0.98125 0.6484375 0.0375 0.0328125
0 0.23828125 0.509375 0.0375 0.028125
0 0.1171875 0.503125 0.0421875 0.03125
0 0.7125 0.62578125 0.034375 0.028125
0 0.92265625 0.64453125 0.04375 0.0328125
0 0.29296875 0.56015625 0.034375 0.028125
0 0.36171875 0.5140625 0.034375 0.028125
0 0.92890625 0.0140625 0.0375 0.028125
0 0.81015625 0.63671875 0.0359375 0.028125
0 0.18203125 0.5046875 0.0375 0.028125
0 0.703125 0.57578125 0.034375 0.028125
0 0.35859375 0.56796875 0.0375 0.0296875
0 0.88203125 0.115625 0.034375 0.03125
0 0.54375 0.24921875 0.015625 0.071875
0 0.546875 0.1140625 0.01875 0.08125
0 0.759375 0.6265625 0.034375 0.025
0 0.59453125 0.7953125 0.0171875 0.06875
0 0.63125 0.1921875 0.015625 0.0671875
0 0.92421875 0.08671875 0.040625 0.03125
0 0.49765625 0.50859375 0.01875 0.075
0 0.06015625 0.21328125 0.0375 0.0359375
1 0.03515625 0.49765625 0.04375 0.03125
0 0.8625 0.64140625 0.04375 0.03125