0 0.51015625 0.23828125 0.028125 0.0375
0 0.559375 0.23515625 0.028125 0.0359375
0 0.65078125 0.98046875 0.03125 0.0390625
0 0.55390625 0.1703125 0.0296875 0.040625
0 0.50390625 0.1171875 0.03125 0.04375
0 0.5609375 0.2921875 0.028125 0.0375
0 0.515625 0.35859375 0.028125 0.0359375
0 0.62734375 0.71171875 0.028125 0.034375
0 0.64609375 0.92109375 0.03125 0.0421875
0 0.57734375 0.703125 0.028125 0.034375
0 0.20859375 0.0421875 0.03125 0.034375
0 0.01640625 0.92734375 0.03125 0.040625
0 0.509375 0.18515625 0.028125 0.0375
0 0.25546875 0.59453125 0.0640625 0.015625
0 0.6328125 0.75703125 0.025 0.034375
0 0.56875 0.3578125 0.0296875 0.0375
0 0.25 0.54375 0.06875 0.015625
0 0.21015625 0.62890625 0.065625 0.015625
0 0.51015625 0.3015625 0.03125 0.04375
0 0.11640625 0.54609375 0.08125 0.01875
0 0.67734375 0.625 0.0671875 0.015625
0 0.75625 0.4609375 0.065625 0.015625
0 0.6390625 0.8046875 0.028125 0.034375
0 0.11796875 0.88046875 0.034375 0.034375
0 0.678125 0.61953125 0.0671875 0.0171875
1 0.91953125 0.59296875 0.078125 0.0171875