0 0.559375 0.2359375 0.028125 0.0375
0 0.64609375 0.98125 0.03125 0.0375
0 0.559375 0.29375 0.028125 0.0375
0 0.50859375 0.2390625 0.028125 0.0375
0 0.55234375 0.17109375 0.03125 0.040625
0 0.50234375 0.1171875 0.03125 0.0421875
0 0.51328125 0.36328125 0.028125 0.0359375
0 0.62421875 0.71484375 0.028125 0.034375
0 0.57421875 0.70625 0.028125 0.0359375
0 0.50390625 0.1828125 0.028125 0.0375
0 0.01171875 0.92890625 0.0234375 0.0390625
0 0.5671875 0.359375 0.03125 0.0390625
0 0.634375 0.80703125 0.028125 0.0375
0 0.634375 0.8625 0.03125 0.0421875
0 0.640625 0.92578125 0.03125 0.04375
0 0.03046875 0.5484375 0.0609375 0.01875
0 0.3953125 0.50234375 0.065625 0.015625
0 0.56015625 0.59921875 0.0609375 0.015625
0 0.21484375 0.0625 0.034375 0.0375
0 0.24609375 0.54375 0.0703125 0.0171875
0 0.11015625 0.8828125 0.03125 0.034375
0 0.5 0.62734375 0.071875 0.0171875
0 0.415625 0.46953125 0.0828125 0.01875
0 0.7875 0.4984375 0.071875 0.0171875
0 0.75546875 0.59609375 0.0625 0.015625
0 0.6234375 0.76015625 0.025 0.034375
0 0.84140625 0.465625 0.065625 0.015625
0 0.94453125 0.6234375 0.065625 0.0171875
0 0.503125 0.30234375 0.0375 0.046875