0 0.509375 0.2390625 0.028125 0.0375
0 0.559375 0.23515625 0.028125 0.0375
0 0.64765625 0.9203125 0.03125 0.0421875
0 0.5015625 0.1171875 0.03125 0.04375
0 0.56015625 0.2921875 0.028125 0.0359375
0 0.5515625 0.1703125 0.03125 0.040625
0 0.628125 0.71171875 0.028125 0.0359375
0 0.51484375 0.36171875 0.028125 0.034375
0 0.50390625 0.1828125 0.028125 0.0375
0 0.578125 0.70390625 0.028125 0.034375
0 0.20703125 0.04296875 0.03125 0.034375
0 0.56875 0.35546875 0.03125 0.0375
0 0.01875 0.9265625 0.03125 0.0390625
0 0.6296875 0.7578125 0.025 0.0328125
0 0.65390625 0.9796875 0.0328125 0.040625
0 0.49609375 0.0359375 0.03125 0.04375
0 0.49296875 0.46640625 0.06875 0.0171875
0 0.06953125 0.50625 0.0609375 0.015625
0 0.25078125 0.54375 0.06875 0.015625
0 0.02578125 0.55 0.05 0.021875
0 0.9796875 0.48359375 0.040625 0.015625
0 0.115625 0.546875 0.08125 0.01875
0 0.12421875 0.5984375 0.06875 0.01875
0 0.509375 0.30234375 0.03125 0.04375
0 0.01875 0.63046875 0.0375 0.0171875
0 0.56328125 0.59453125 0.05 0.015625
0 0.51015625 0.49765625 0.08125 0.01875
0 0.6359375 0.8078125 0.03125 0.034375
0 0.6390625 0.8609375 0.034375 0.040625