0 0.2359375 0.5578125 0.0375 0.028125
0 0.9203125 0.646875 0.04375 0.03125
0 0.1171875 0.5 0.04375 0.03125
0 0.9796875 0.65390625 0.040625 0.03125
0 0.2390625 0.50859375 0.0375 0.028125
0 0.17109375 0.55078125 0.040625 0.03125
0 0.29296875 0.559375 0.0359375 0.028125
0 0.71171875 0.628125 0.034375 0.028125
0 0.1828125 0.503125 0.0375 0.0296875
0 0.3625 0.5140625 0.034375 0.028125
0 0.703125 0.578125 0.034375 0.028125
0 0.928125 0.01875 0.0390625 0.03125
0 0.0421875 0.20625 0.0359375 0.03125
0 0.35859375 0.56796875 0.0375 0.03125
0 0.6296875 0.08125 0.015625 0.065625
0 0.7578125 0.62890625 0.034375 0.025
0 0.54375 0.2515625 0.015625 0.0703125
0 0.54765625 0.11640625 0.01875 0.08125
0 0.6265625 0.56484375 0.015625 0.0640625
0 0.46796875 0.55078125 0.015625 0.059375
1 0.92109375 0.0921875 0.04375 0.0328125
0 0.5515625 0.025 0.021875 0.05
0 0.59296875 0.7890625 0.01875 0.0703125
0 0.03125 0.49296875 0.046875 0.0328125
0 0.62109375 0.57265625 0.0171875 0.065625
0 0.8796875 0.12109375 0.0359375 0.034375
0 0.49921875 0.30859375 0.015625 0.059375
1 0.30546875 0.5125 0.0453125 0.03125