0 0.440625 0.23515625 0.028125 0.0359375
0 0.48984375 0.23828125 0.028125 0.0375
0 0.34921875 0.98046875 0.0328125 0.0390625
0 0.44609375 0.1703125 0.0296875 0.040625
0 0.49609375 0.1171875 0.03125 0.04375
0 0.35390625 0.9203125 0.03125 0.0421875
0 0.43828125 0.2921875 0.028125 0.0375
0 0.484375 0.36171875 0.028125 0.0375
0 0.37265625 0.71171875 0.028125 0.034375
0 0.79140625 0.040625 0.03125 0.034375
0 0.42265625 0.703125 0.028125 0.034375
0 0.9828125 0.9265625 0.03125 0.040625
0 0.48984375 0.184375 0.028125 0.0375
0 0.66015625 0.59375 0.065625 0.015625
0 0.43125 0.3578125 0.0296875 0.0390625
0 0.75 0.54296875 0.06875 0.015625
0 0.88359375 0.54609375 0.08125 0.01875
0 0.48984375 0.3015625 0.03125 0.04375
0 0.7125 0.62734375 0.065625 0.015625
0 0.3671875 0.75703125 0.025 0.034375
0 0.3609375 0.8046875 0.028125 0.034375
0 0.33984375 0.4625 0.0640625 0.015625
0 0.71484375 0.621875 0.065625 0.0171875
0 0.24453125 0.62421875 0.06875 0.015625
0 0.88203125 0.88046875 0.034375 0.034375
0 0.25 0.61875 0.06875 0.01875
1 0.36015625 0.8578125 0.03125 0.04375
0 0.0140625 0.58671875 0.028125 0.015625