0 0.92578125 0.6375 0.04375 0.03125
0 0.2359375 0.559375 0.0375 0.028125
0 0.98125 0.64609375 0.0375 0.0328125
0 0.1703125 0.55234375 0.040625 0.03125
0 0.29296875 0.559375 0.0375 0.028125
0 0.2390625 0.509375 0.0390625 0.028125
0 0.3625 0.51328125 0.0359375 0.028125
0 0.1171875 0.5015625 0.0421875 0.03125
0 0.71484375 0.62421875 0.034375 0.028125
0 0.70546875 0.57421875 0.0359375 0.028125
0 0.92890625 0.0125 0.0390625 0.025
0 0.1828125 0.50390625 0.0375 0.028125
0 0.06171875 0.58359375 0.0375 0.0296875
0 0.36015625 0.5671875 0.0390625 0.03125
0 0.80625 0.63359375 0.0375 0.028125
0 0.0625 0.215625 0.0375 0.034375
0 0.0328125 0.4984375 0.04375 0.03125
0 0.628125 0.17890625 0.01875 0.071875
0 0.54375 0.23984375 0.015625 0.0703125
1 0.92578125 0.078125 0.04375 0.03125
0 0.8625 0.634375 0.0421875 0.03125
0 0.5953125 0.8515625 0.0171875 0.06875
0 0.88203125 0.1109375 0.034375 0.03125
0 0.46484375 0.70703125 0.01875 0.084375
0 0.49765625 0.7109375 0.01875 0.0703125
0 0.6015625 0.1234375 0.015625 0.059375
0 0.628125 0.5546875 0.015625 0.0625
0 0.759375 0.6234375 0.0328125 0.025
0 0.596875 0.33671875 0.015625 0.0703125
0 0.625 0.98359375 0.0171875 0.03125
0 0.3046875 0.5078125 0.04375 0.03125
0 0.62265625 0.5609375 0.01875 0.0625