0 0.23828125 0.51015625 0.0375 0.028125
0 0.23515625 0.55859375 0.0359375 0.028125
0 0.17109375 0.553125 0.040625 0.03125
0 0.1171875 0.50234375 0.0421875 0.03125
0 0.2921875 0.5609375 0.0359375 0.028125
0 0.91953125 0.646875 0.04375 0.03125
0 0.71171875 0.628125 0.0359375 0.0296875
0 0.36171875 0.51484375 0.0359375 0.028125
0 0.703125 0.578125 0.034375 0.028125
0 0.1828125 0.5046875 0.0375 0.028125
0 0.0421875 0.2078125 0.034375 0.03125
0 0.9265625 0.01875 0.040625 0.0328125
0 0.98359375 0.090625 0.028125 0.0625
0 0.35859375 0.56875 0.0390625 0.0296875
0 0.75625 0.63359375 0.034375 0.025
0 0.54296875 0.25234375 0.015625 0.06875
0 0.55078125 0.02578125 0.0234375 0.0515625
0 0.546875 0.1171875 0.01875 0.078125
0 0.9796875 0.653125 0.040625 0.03125
2 0.63046875 0.48125 0.0390625 0.2625
0 0.803125 0.63984375 0.0375 0.028125
0 0.46015625 0.75703125 0.01875 0.0734375
0 0.59609375 0.29765625 0.0140625 0.0515625
1 0.49296875 0.79453125 0.01875 0.084375
2 0.61953125 0.51953125 0.0359375 0.328125
0 0.5015625 0.3296875 0.015625 0.0625
0 0.5953125 0.98046875 0.01875 0.0390625
1 0.92109375 0.09296875 0.04375 0.0328125