0 0.65390625 0.9796875 0.03125 0.0390625
0 0.5578125 0.2359375 0.028125 0.0375
0 0.55078125 0.17109375 0.03125 0.0390625
0 0.559375 0.29296875 0.028125 0.0375
0 0.64765625 0.92109375 0.03125 0.04375
0 0.5 0.1171875 0.03125 0.04375
0 0.50859375 0.23984375 0.028125 0.0375
0 0.5140625 0.3625 0.028125 0.034375
0 0.628125 0.7125 0.028125 0.034375
0 0.503125 0.1828125 0.028125 0.0375
0 0.57890625 0.70390625 0.028125 0.034375
0 0.01875 0.92734375 0.03125 0.0390625
0 0.5671875 0.35859375 0.03125 0.0375
0 0.20625 0.04296875 0.03125 0.0359375
0 0.6453125 0.8609375 0.03125 0.04375
0 0.6296875 0.7578125 0.0265625 0.034375
0 0.63671875 0.80859375 0.0296875 0.034375
0 0.2515625 0.54375 0.0703125 0.015625
0 0.11640625 0.54765625 0.08125 0.01875
0 0.02578125 0.5515625 0.05 0.0234375
0 0.12109375 0.88046875 0.034375 0.034375
0 0.625 0.46640625 0.0671875 0.0171875
0 0.49453125 0.0359375 0.03125 0.0453125
0 0.64609375 0.62421875 0.06875 0.015625
0 0.46640625 0.59765625 0.0625 0.015625
1 0.09296875 0.921875 0.034375 0.04375
0 0.65078125 0.61875 0.06875 0.0171875