0 0.2359375 0.559375 0.0375 0.028125
0 0.92578125 0.6375 0.04375 0.0328125
0 0.17109375 0.55234375 0.040625 0.03125
0 0.2390625 0.509375 0.0375 0.028125
0 0.29375 0.559375 0.0375 0.028125
0 0.98125 0.64609375 0.0375 0.0328125
0 0.1171875 0.5015625 0.0421875 0.03125
0 0.3625 0.51328125 0.034375 0.028125
0 0.1828125 0.50390625 0.0375 0.028125
0 0.7046875 0.57265625 0.034375 0.0265625
0 0.7140625 0.6234375 0.034375 0.028125
0 0.92890625 0.01171875 0.0390625 0.0234375
0 0.01328125 0.59375 0.0265625 0.03125
0 0.0359375 0.49765625 0.04375 0.03125
0 0.36015625 0.5671875 0.0390625 0.03125
0 0.62890625 0.06171875 0.01875 0.0734375
0 0.0625 0.21484375 0.0359375 0.034375
0 0.59765625 0.6421875 0.0171875 0.06875
0 0.8625 0.63359375 0.0421875 0.03125
0 0.54453125 0.21328125 0.015625 0.06875
0 0.625 0.80703125 0.015625 0.0703125
0 0.80625 0.63359375 0.0375 0.028125
0 0.46328125 0.78984375 0.0203125 0.084375
0 0.88203125 0.11015625 0.034375 0.03125
0 0.59453125 0.8765625 0.015625 0.0671875
0 0.59765625 0.18359375 0.015625 0.06875
1 0.92578125 0.078125 0.0421875 0.03125
0 0.4984375 0.803125 0.0171875 0.06875
0 0.61953125 0.81328125 0.01875 0.071875
0 0.62890625 0.4078125 0.015625 0.0625
0 0.1328125 0.603125 0.0359375 0.028125
0 0.87109375 0.63984375 0.04375 0.03125