0 0.34765625 0.01953125 0.0328125 0.0390625
0 0.4421875 0.7640625 0.028125 0.0375
0 0.44921875 0.82890625 0.03125 0.040625
0 0.353125 0.0796875 0.03125 0.04375
0 0.440625 0.70703125 0.028125 0.0359375
0 0.5 0.88203125 0.03125 0.04375
0 0.49140625 0.7609375 0.028125 0.0375
0 0.371875 0.28828125 0.028125 0.034375
0 0.4859375 0.63828125 0.028125 0.034375
0 0.496875 0.8171875 0.028125 0.0375
0 0.421875 0.29609375 0.028125 0.034375
0 0.98125 0.07265625 0.03125 0.0375
0 0.4328125 0.64140625 0.03125 0.0375
0 0.79375 0.95703125 0.03125 0.0359375
0 0.834375 0.3703125 0.06875 0.015625
0 0.36640625 0.24296875 0.025 0.034375
0 0.75 0.45703125 0.06875 0.015625
1 0.90703125 0.07890625 0.0328125 0.04375
0 0.88359375 0.45234375 0.08125 0.01875
0 0.3453125 0.375 0.065625 0.015625
0 0.97421875 0.44921875 0.05 0.021875
0 0.87890625 0.11953125 0.034375 0.034375
0 0.54609375 0.53125 0.0609375 0.0171875
0 0.103125 0.4078125 0.06875 0.01875
0 0.50546875 0.96484375 0.03125 0.04375
0 0.79140625 0.4984375 0.05625 0.0140625