0 0.0203125 0.653125 0.03984375 0.03203125
0 0.7640625 0.5578125 0.0375 0.028125
0 0.0796875 0.646875 0.04296875 0.03125
0 0.82890625 0.55078125 0.0390625 0.03046875
0 0.70703125 0.559375 0.0359375 0.028125
0 0.76015625 0.50859375 0.03828125 0.028125
0 0.88203125 0.5 0.04296875 0.03125
0 0.28828125 0.628125 0.03515625 0.028125
0 0.63828125 0.5140625 0.034375 0.02734375
0 0.81796875 0.503125 0.03828125 0.02890625
0 0.29609375 0.578125 0.03515625 0.02734375
0 0.071875 0.01875 0.0390625 0.03125
0 0.64140625 0.5671875 0.03828125 0.03046875
0 0.95703125 0.20625 0.0359375 0.03203125
0 0.371875 0.23828125 0.015625 0.06640625
0 0.24296875 0.63359375 0.034375 0.02578125
0 0.45625 0.2515625 0.01640625 0.06953125
1 0.07890625 0.09296875 0.04296875 0.0328125
0 0.4484375 0.02578125 0.02265625 0.05078125
0 0.375 0.73203125 0.01640625 0.0671875
0 0.11953125 0.12109375 0.03515625 0.03359375
0 0.45234375 0.115625 0.01796875 0.08125
0 0.496875 0.11875 0.01484375 0.05703125
0 0.1390625 0.64453125 0.0421875 0.03125
0 0.38046875 0.72890625 0.0171875 0.0671875
0 0.96484375 0.49453125 0.04453125 0.03125
0 0.52890625 0.36953125 0.015625 0.06171875
0 0.52265625 0.37734375 0.0171875 0.06015625
0 0.19609375 0.63984375 0.0359375 0.028125
0 0.39921875 0.05390625 0.015625 0.06484375
0 0.4140625 0.97890625 0.0171875 0.0421875