0 0.44609375 0.1703125 0.0296875 0.040625
0 0.48984375 0.23828125 0.028125 0.0375
0 0.44140625 0.23515625 0.028125 0.0359375
0 0.3515625 0.98125 0.034375 0.0375
0 0.375 0.71328125 0.028125 0.034375
0 0.4390625 0.2921875 0.028125 0.0359375
0 0.35625 0.925 0.0328125 0.04375
0 0.4953125 0.11640625 0.03125 0.04375
0 0.9875 0.93125 0.025 0.040625
0 0.3640625 0.8109375 0.0296875 0.0375
0 0.4859375 0.36171875 0.028125 0.034375
0 0.425 0.7046875 0.028125 0.034375
0 0.78515625 0.06171875 0.034375 0.0375
0 0.43203125 0.35859375 0.0296875 0.0375
0 0.490625 0.184375 0.028125 0.0375
0 0.75234375 0.54375 0.0703125 0.015625
0 0.8890625 0.54609375 0.08125 0.01875
1 0.50234375 0.03359375 0.03125 0.046875
0 0.31484375 0.621875 0.075 0.01875
0 0.359375 0.8640625 0.03125 0.04375
0 0.9390625 0.6328125 0.084375 0.01875
0 0.88671875 0.88203125 0.03125 0.034375
0 0.9359375 0.50703125 0.0625 0.015625
0 0.37421875 0.76015625 0.025 0.034375
0 0.9921875 0.60234375 0.015625 0.0171875