0 0.76484375 0.55859375 0.0359375 0.02734375
0 0.76171875 0.51015625 0.0375 0.02734375
0 0.8828125 0.50234375 0.0421875 0.03125
0 0.82890625 0.553125 0.04140625 0.03046875
0 0.08046875 0.646875 0.04296875 0.03125
0 0.7078125 0.5609375 0.0359375 0.02890625
0 0.640625 0.51484375 0.0359375 0.028125
0 0.28828125 0.628125 0.03515625 0.02890625
0 0.07265625 0.01875 0.040625 0.0328125
0 0.9578125 0.2078125 0.034375 0.03125
0 0.29609375 0.57890625 0.03515625 0.02734375
0 0.2421875 0.6296875 0.0328125 0.02578125
0 0.81484375 0.50859375 0.0375 0.028125
0 0.6421875 0.56875 0.0390625 0.0296875
0 0.1921875 0.63671875 0.0359375 0.03046875
0 0.45 0.02578125 0.02265625 0.0515625
0 0.45625 0.25234375 0.0171875 0.06953125
0 0.02109375 0.65390625 0.04140625 0.0328125
0 0.0234375 0.06015625 0.0203125 0.06328125
0 0.453125 0.11640625 0.01796875 0.08046875
0 0.403125 0.77421875 0.01796875 0.0671875
0 0.54140625 0.9453125 0.01796875 0.075
0 0.49140625 0.11015625 0.01484375 0.0578125
0 0.5140625 0.98046875 0.01875 0.0390625
0 0.5015625 0.5171875 0.0171875 0.0625
1 0.07890625 0.09296875 0.04375 0.0328125
0 0.40078125 0.11171875 0.01328125 0.05234375
1 0.6953125 0.5140625 0.04453125 0.03046875