0 0.440625 0.2359375 0.028125 0.0375
0 0.35390625 0.98125 0.0328125 0.0375
0 0.44765625 0.17109375 0.03125 0.040625
0 0.3625 0.92578125 0.0328125 0.04375
0 0.490625 0.2390625 0.028125 0.0375
0 0.440625 0.29296875 0.028125 0.0375
0 0.4984375 0.1171875 0.03125 0.0421875
0 0.48671875 0.3625 0.028125 0.034375
0 0.37578125 0.7140625 0.028125 0.034375
0 0.42578125 0.70546875 0.028125 0.0359375
0 0.9875 0.928125 0.025 0.0390625
0 0.49609375 0.1828125 0.028125 0.0375
0 0.50234375 0.0359375 0.03125 0.04375
0 0.365625 0.80625 0.028125 0.0375
0 0.4328125 0.36015625 0.03125 0.0390625
0 0.41171875 0.08671875 0.028125 0.0375
0 0.784375 0.0625 0.034375 0.0359375
0 0.76796875 0.54375 0.065625 0.015625
0 0.365625 0.8625 0.03125 0.040625
0 0.86015625 0.62890625 0.0734375 0.0171875
0 0.8890625 0.88203125 0.03125 0.034375
1 0.921875 0.92578125 0.03125 0.04375
0 0.93515625 0.60234375 0.059375 0.015625
0 0.0625 0.625 0.071875 0.0171875
0 0.2171875 0.59609375 0.06875 0.0171875
0 0.25625 0.4984375 0.0703125 0.0171875
0 0.26640625 0.4640625 0.0875 0.0203125
0 0.715625 0.596875 0.0671875 0.015625
0 0.49453125 0.62890625 0.0625 0.015625
0 0.865625 0.6234375 0.0734375 0.01875
0 0.01015625 0.59453125 0.0203125 0.015625
0 0.4921875 0.3046875 0.03125 0.04375
0 0.36015625 0.87109375 0.03125 0.04375
0 0.3765625 0.759375 0.025 0.0328125