0 0.98046875 0.65390625 0.0390625 0.03125
0 0.2359375 0.5578125 0.0375 0.028125
0 0.1171875 0.5 0.04375 0.03125
0 0.17109375 0.55078125 0.0390625 0.03125
0 0.29296875 0.559375 0.0375 0.028125
0 0.921875 0.64765625 0.04375 0.03125
0 0.23984375 0.50859375 0.0375 0.028125
0 0.3625 0.5140625 0.034375 0.028125
0 0.1828125 0.503125 0.0375 0.0296875
0 0.7125 0.628125 0.034375 0.028125
0 0.7578125 0.63046875 0.0328125 0.025
0 0.70390625 0.57890625 0.034375 0.028125
0 0.86171875 0.6453125 0.04375 0.03125
0 0.928125 0.01953125 0.0390625 0.03125
0 0.0421875 0.20625 0.0359375 0.03125
0 0.809375 0.63671875 0.0359375 0.0296875
0 0.35859375 0.56796875 0.0375 0.03125
0 0.88203125 0.1203125 0.034375 0.034375
0 0.61015625 0.0625 0.015625 0.065625
0 0.54453125 0.2515625 0.015625 0.06875
0 0.46484375 0.65703125 0.015625 0.065625
0 0.55234375 0.02421875 0.021875 0.0484375
0 0.5484375 0.11640625 0.01875 0.08125
0 0.47890625 0.24921875 0.015625 0.0625
0 0.03203125 0.49453125 0.04375 0.03125
0 0.59375 0.83203125 0.01875 0.06875
0 0.621875 0.98125 0.015625 0.0375
0 0.3046875 0.5078125 0.04375 0.03125