0 0.559375 0.7640625 0.028125 0.0375
0 0.64609375 0.01875 0.03125 0.0375
0 0.55234375 0.82890625 0.03125 0.040625
0 0.50859375 0.76015625 0.028125 0.0390625
0 0.51328125 0.63671875 0.028125 0.0359375
0 0.559375 0.70625 0.028125 0.0375
0 0.50234375 0.8828125 0.03125 0.0421875
0 0.62421875 0.28515625 0.028125 0.034375
0 0.57265625 0.29453125 0.028125 0.034375
0 0.50390625 0.8171875 0.028125 0.0375
0 0.01171875 0.07109375 0.0234375 0.0390625
0 0.5671875 0.63984375 0.03125 0.0390625
0 0.634375 0.13671875 0.03125 0.040625
0 0.640625 0.07421875 0.03125 0.0453125
0 0.634375 0.19296875 0.028125 0.0375
1 0.078125 0.0734375 0.0328125 0.04375
0 0.309375 0.371875 0.0703125 0.0171875
0 0.6234375 0.23984375 0.025 0.034375
0 0.21484375 0.9375 0.034375 0.0375
0 0.11015625 0.1171875 0.03125 0.034375
0 0.59140625 0.5328125 0.0828125 0.01875
0 0.24609375 0.45625 0.0703125 0.015625
0 0.30703125 0.40078125 0.0625 0.015625
0 0.584375 0.5015625 0.06875 0.015625
0 0.94375 0.503125 0.071875 0.0171875
0 0.71953125 0.375 0.065625 0.0171875
0 0.51171875 0.40390625 0.06875 0.015625
0 0.71484375 0.38046875 0.0640625 0.01875
0 0.63984375 0.128125 0.03125 0.04375