0 0.7609375 0.51015625 0.0375 0.02734375
0 0.7640625 0.56015625 0.03671875 0.02734375
0 0.8828125 0.50234375 0.0421875 0.03125
0 0.8296875 0.55234375 0.03984375 0.03046875
0 0.0796875 0.64765625 0.04296875 0.03125
0 0.2890625 0.628125 0.03671875 0.0296875
0 0.7078125 0.5609375 0.0359375 0.02890625
0 0.63828125 0.51484375 0.0359375 0.028125
0 0.01328125 0.0984375 0.02578125 0.0625
0 0.0203125 0.65390625 0.040625 0.0328125
0 0.296875 0.578125 0.0359375 0.02734375
0 0.8171875 0.5046875 0.03828125 0.02890625
0 0.9578125 0.2078125 0.034375 0.03125
0 0.24296875 0.6296875 0.0328125 0.02578125
0 0.0734375 0.01875 0.03984375 0.0328125
0 0.64140625 0.56875 0.03984375 0.0296875
0 0.45 0.02578125 0.02265625 0.0515625
0 0.1921875 0.6359375 0.0359375 0.03046875
0 0.45703125 0.2515625 0.01640625 0.06796875
0 0.453125 0.11640625 0.01796875 0.08125
0 0.53671875 0.66796875 0.0171875 0.07109375
0 0.496875 0.24296875 0.015625 0.06328125
0 0.40390625 0.3859375 0.0140625 0.05234375
2 0.36875 0.57109375 0.0421875 0.278125
2 0.38125 0.59609375 0.03515625 0.32734375
1 0.07890625 0.09296875 0.04296875 0.0328125