0 0.23828125 0.51015625 0.0375 0.028125
0 0.23515625 0.559375 0.0359375 0.028125
0 0.1703125 0.55390625 0.040625 0.0296875
0 0.1171875 0.50390625 0.04375 0.03125
0 0.9203125 0.64609375 0.04375 0.03125
0 0.2921875 0.5609375 0.0359375 0.028125
0 0.35859375 0.515625 0.0359375 0.028125
0 0.71171875 0.62734375 0.034375 0.028125
0 0.9796875 0.65234375 0.040625 0.0328125
0 0.928125 0.01796875 0.040625 0.0328125
0 0.04140625 0.2078125 0.034375 0.03125
0 0.703125 0.578125 0.034375 0.028125
0 0.184375 0.509375 0.0375 0.028125
0 0.3578125 0.56875 0.0390625 0.0296875
0 0.75703125 0.63359375 0.034375 0.025
0 0.54296875 0.2515625 0.015625 0.06875
0 0.49375 0.61875 0.015625 0.0625
0 0.54609375 0.11640625 0.01875 0.08125
1 0.86015625 0.64296875 0.0421875 0.03125
0 0.3015625 0.51015625 0.04375 0.03125
0 0.58515625 0.80625 0.015625 0.065625
0 0.88046875 0.11875 0.034375 0.034375
0 0.47890625 0.12890625 0.015625 0.0625
0 0.54921875 0.009375 0.01875 0.01875
0 0.61875 0.72265625 0.0171875 0.0640625
1 0.98515625 0.0671875 0.028125 0.0625
0 0.47265625 0.13515625 0.015625 0.0609375
0 0.58984375 0.809375 0.015625 0.065625
1 0.925 0.09140625 0.04375 0.034375
0 0.80390625 0.63984375 0.0359375 0.028125
0 0.62421875 0.725 0.015625 0.0640625