0 0.3625 0.075 0.0328125 0.04375
0 0.44140625 0.7640625 0.028125 0.0375
0 0.35390625 0.01875 0.0328125 0.0375
0 0.440625 0.70703125 0.028125 0.0375
0 0.446875 0.8296875 0.03125 0.040625
0 0.490625 0.7609375 0.028125 0.0375
0 0.48671875 0.6375 0.028125 0.0359375
0 0.4984375 0.88359375 0.03125 0.0421875
0 0.49609375 0.81796875 0.0296875 0.0375
0 0.98828125 0.07109375 0.0234375 0.0390625
0 0.42734375 0.2953125 0.0265625 0.034375
0 0.37734375 0.2859375 0.028125 0.034375
0 0.4328125 0.63984375 0.03125 0.0390625
0 0.36640625 0.19375 0.028125 0.0375
0 0.36640625 0.1375 0.03125 0.040625
0 0.86171875 0.40078125 0.059375 0.015625
0 0.78515625 0.9375 0.034375 0.0375
0 0.88984375 0.11796875 0.03125 0.034375
0 0.7171875 0.49296875 0.0671875 0.01875
0 0.753125 0.45625 0.071875 0.0171875
0 0.89453125 0.45234375 0.08125 0.01875
0 0.95546875 0.3703125 0.065625 0.015625
0 0.40703125 0.50546875 0.06875 0.0171875
1 0.921875 0.07421875 0.03125 0.04375
0 0.615625 0.371875 0.065625 0.0171875
0 0.50234375 0.39921875 0.075 0.01875
0 0.696875 0.521875 0.0625 0.015625
0 0.609375 0.37734375 0.065625 0.01875
0 0.36015625 0.12890625 0.03125 0.04375
0 0.3765625 0.240625 0.025 0.034375