0 0.7640625 0.5578125 0.0375 0.028125
0 0.0796875 0.646875 0.04296875 0.03046875
0 0.8828125 0.5 0.04296875 0.03125
0 0.0203125 0.65390625 0.03984375 0.03203125
0 0.7609375 0.50859375 0.0375 0.028125
0 0.82890625 0.55078125 0.040625 0.03125
0 0.70703125 0.559375 0.0359375 0.028125
0 0.28828125 0.628125 0.03515625 0.02890625
0 0.8171875 0.503125 0.03828125 0.0296875
0 0.6375 0.5140625 0.03515625 0.02734375
0 0.296875 0.578125 0.03515625 0.02734375
0 0.071875 0.01875 0.0390625 0.03125
0 0.9578125 0.20625 0.0359375 0.03203125
0 0.64140625 0.56796875 0.03828125 0.03046875
0 0.3703125 0.08125 0.01640625 0.06640625
0 0.2421875 0.62890625 0.03359375 0.02578125
0 0.45625 0.2515625 0.01640625 0.0703125
0 0.45234375 0.11640625 0.01796875 0.08125
0 0.3734375 0.56484375 0.01640625 0.0640625
0 0.53203125 0.55078125 0.01640625 0.06015625
1 0.07890625 0.0921875 0.04296875 0.0328125
0 0.4484375 0.025 0.021875 0.05
0 0.40703125 0.7890625 0.01796875 0.0703125
0 0.96875 0.49296875 0.04609375 0.0328125
0 0.37890625 0.57265625 0.0171875 0.06484375
0 0.1203125 0.12109375 0.0359375 0.03359375
0 0.50078125 0.30859375 0.015625 0.05859375
1 0.69453125 0.5125 0.0453125 0.03125