0 0.76484375 0.559375 0.03671875 0.028125
0 0.7609375 0.509375 0.0375 0.028125
0 0.0796875 0.64765625 0.04296875 0.03125
0 0.8828125 0.5015625 0.04296875 0.03125
0 0.70703125 0.56015625 0.0359375 0.028125
0 0.28828125 0.628125 0.03515625 0.02890625
0 0.8296875 0.5515625 0.040625 0.03046875
0 0.6375 0.51484375 0.03515625 0.028125
0 0.8171875 0.50390625 0.03828125 0.02890625
0 0.29609375 0.578125 0.03515625 0.028125
0 0.64453125 0.56875 0.03828125 0.03046875
0 0.2421875 0.6296875 0.0328125 0.02578125
0 0.9578125 0.20703125 0.034375 0.03203125
0 0.0734375 0.01875 0.0390625 0.03203125
0 0.0203125 0.65390625 0.040625 0.0328125
0 0.9640625 0.49609375 0.04296875 0.03125
0 0.49453125 0.0578125 0.015625 0.0625
0 0.5328125 0.4796875 0.0171875 0.06875
0 0.45625 0.2515625 0.01640625 0.06875
0 0.51640625 0.97421875 0.015625 0.0515625
0 0.453125 0.115625 0.01875 0.08203125
0 0.45 0.02578125 0.021875 0.05078125
0 0.5015625 0.5015625 0.01875 0.0828125
2 0.37109375 0.75 0.04296875 0.26796875
1 0.0796875 0.09296875 0.04296875 0.0328125
0 0.40625 0.5734375 0.015625 0.05234375
0 0.3703125 0.0234375 0.0171875 0.046875
0 0.4015625 0.134375 0.0171875 0.0671875
1 0.13984375 0.64296875 0.0421875 0.03203125
0 0.6984375 0.509375 0.04453125 0.03125