0 0.34609375 0.9796875 0.03125 0.0390625
0 0.4421875 0.2359375 0.028125 0.0375
0 0.44921875 0.17109375 0.03125 0.0390625
0 0.440625 0.29296875 0.028125 0.0375
0 0.35234375 0.92109375 0.03125 0.04375
0 0.5 0.1171875 0.03125 0.04375
0 0.49140625 0.23984375 0.028125 0.0375
0 0.4859375 0.3625 0.028125 0.034375
0 0.371875 0.7125 0.028125 0.034375
0 0.496875 0.1828125 0.028125 0.0375
0 0.42109375 0.70390625 0.028125 0.034375
0 0.98125 0.92734375 0.03125 0.0390625
0 0.4328125 0.35859375 0.03125 0.0375
0 0.79375 0.04296875 0.03125 0.0359375
0 0.3546875 0.8609375 0.03125 0.04375
0 0.3703125 0.7578125 0.0265625 0.034375
0 0.36328125 0.80859375 0.0296875 0.034375
0 0.7484375 0.54375 0.0703125 0.015625
0 0.88359375 0.54765625 0.08125 0.01875
0 0.97421875 0.5515625 0.05 0.0234375
0 0.87890625 0.88046875 0.034375 0.034375
0 0.375 0.46640625 0.0671875 0.0171875
0 0.50546875 0.0359375 0.03125 0.0453125
0 0.35390625 0.62421875 0.06875 0.015625
0 0.53359375 0.59765625 0.0625 0.015625
1 0.90703125 0.921875 0.034375 0.04375
0 0.34921875 0.61875 0.06875 0.0171875