0 0.51015625 0.23828125 0.028125 0.0375
0 0.559375 0.23515625 0.028125 0.0359375
0 0.503125 0.1171875 0.03125 0.04375
0 0.55390625 0.17109375 0.0296875 0.040625
0 0.646875 0.91953125 0.03125 0.0421875
0 0.5609375 0.2921875 0.028125 0.0359375
0 0.628125 0.71171875 0.028125 0.034375
0 0.515625 0.35859375 0.028125 0.0359375
0 0.57890625 0.70390625 0.028125 0.034375
0 0.01875 0.9265625 0.03125 0.040625
0 0.2078125 0.0421875 0.03125 0.034375
0 0.509375 0.18515625 0.028125 0.0375
0 0.6296875 0.7578125 0.025 0.0328125
0 0.56875 0.3578125 0.0296875 0.0390625
0 0.25390625 0.54296875 0.06875 0.0171875
0 0.56015625 0.5984375 0.065625 0.0171875
0 0.025 0.55 0.05 0.021875
0 0.640625 0.803125 0.028125 0.0375
0 0.11640625 0.54609375 0.08125 0.01875
0 0.29765625 0.5046875 0.0546875 0.015625
0 0.71640625 0.4953125 0.065625 0.0171875
0 0.51015625 0.3015625 0.03125 0.04375
0 0.653125 0.9796875 0.03125 0.040625
1 0.09296875 0.9203125 0.0328125 0.04375
0 0.03046875 0.97421875 0.0609375 0.0203125