0 0.55859375 0.2359375 0.028125 0.0375
0 0.6375 0.92578125 0.0328125 0.04375
0 0.55234375 0.1703125 0.03125 0.040625
0 0.50859375 0.2390625 0.028125 0.0375
0 0.559375 0.29375 0.028125 0.0375
0 0.5015625 0.1171875 0.03125 0.0421875
0 0.59296875 0.015625 0.03125 0.03125
0 0.51328125 0.36328125 0.028125 0.034375
0 0.50390625 0.1828125 0.028125 0.0375
0 0.64609375 0.98125 0.0328125 0.0375
0 0.57265625 0.7046875 0.0265625 0.034375
0 0.6234375 0.7140625 0.028125 0.034375
0 0.01171875 0.92890625 0.0234375 0.0390625
0 0.49765625 0.0359375 0.03125 0.04375
0 0.5671875 0.36015625 0.03125 0.0390625
0 0.63359375 0.8625 0.03125 0.0421875
0 0.05625 0.6296875 0.071875 0.0171875
0 0.21484375 0.0625 0.034375 0.0375
0 0.62421875 0.59765625 0.06875 0.015625
0 0.79453125 0.625 0.071875 0.0171875
0 0.21015625 0.54453125 0.0671875 0.015625
0 0.63359375 0.80625 0.028125 0.0375
0 0.796875 0.46328125 0.0890625 0.0203125
0 0.11015625 0.88203125 0.03125 0.034375
0 0.809375 0.4984375 0.0703125 0.0171875
0 0.1703125 0.59765625 0.065625 0.015625
0 0.85546875 0.59453125 0.065625 0.015625
0 0.6 0.13671875 0.028125 0.034375
0 0.39765625 0.62890625 0.0609375 0.015625
0 0.625 0.7609375 0.028125 0.03125
0 0.503125 0.303125 0.034375 0.04375