0 0.7640625 0.55859375 0.0375 0.028125
0 0.07421875 0.6375 0.04453125 0.0328125
0 0.8296875 0.55234375 0.03984375 0.03125
0 0.7609375 0.50859375 0.03828125 0.028125
0 0.8828125 0.5015625 0.0421875 0.03125
0 0.70625 0.559375 0.0375 0.02890625
0 0.984375 0.59453125 0.03125 0.03203125
0 0.63671875 0.51328125 0.03515625 0.02734375
0 0.01875 0.64609375 0.0375 0.0328125
0 0.8171875 0.50390625 0.03828125 0.02890625
0 0.2953125 0.57265625 0.034375 0.0265625
0 0.2859375 0.6234375 0.03515625 0.028125
0 0.07109375 0.01171875 0.0390625 0.0234375
0 0.9640625 0.49765625 0.04296875 0.03125
0 0.63984375 0.5671875 0.0390625 0.03125
0 0.1375 0.63359375 0.0421875 0.03046875
0 0.3703125 0.05625 0.0171875 0.07109375
0 0.9375 0.21484375 0.0359375 0.03359375
0 0.40234375 0.62421875 0.01640625 0.06796875
0 0.375 0.79453125 0.0171875 0.071875
0 0.45546875 0.21015625 0.01640625 0.06796875
0 0.19375 0.63359375 0.0375 0.02890625
0 0.53671875 0.796875 0.0203125 0.08828125
0 0.86328125 0.6 0.034375 0.02890625
0 0.11796875 0.11015625 0.03359375 0.03125
0 0.5015625 0.809375 0.0171875 0.0703125
1 0.07421875 0.078125 0.0421875 0.03203125
0 0.40546875 0.85546875 0.01640625 0.065625
0 0.40234375 0.1703125 0.015625 0.06640625
0 0.38125 0.7875 0.01875 0.07109375
0 0.37109375 0.39765625 0.015625 0.0609375
0 0.12890625 0.63984375 0.04375 0.03046875