0 0.35390625 0.98125 0.03125 0.0375
0 0.440625 0.2359375 0.028125 0.0375
0 0.44765625 0.1703125 0.03125 0.040625
0 0.440625 0.29375 0.028125 0.0375
0 0.48671875 0.3625 0.028125 0.0359375
0 0.49140625 0.23984375 0.028125 0.0390625
0 0.4984375 0.1171875 0.03125 0.0421875
0 0.37578125 0.71484375 0.028125 0.034375
0 0.42578125 0.70625 0.028125 0.0359375
0 0.9875 0.92890625 0.025 0.0390625
0 0.49609375 0.1828125 0.028125 0.0375
0 0.4328125 0.36015625 0.03125 0.0390625
0 0.365625 0.86328125 0.03125 0.040625
1 0.921875 0.9265625 0.0328125 0.04375
0 0.365625 0.80703125 0.028125 0.0375
0 0.7296875 0.628125 0.071875 0.0171875
0 0.784375 0.0625 0.034375 0.0359375
0 0.359375 0.92578125 0.03125 0.04375
0 0.75390625 0.54453125 0.0703125 0.0171875
0 0.890625 0.88359375 0.0328125 0.034375
0 0.3765625 0.76015625 0.025 0.034375
0 0.36796875 0.46640625 0.084375 0.01875
0 0.371875 0.4984375 0.06875 0.015625
0 0.50078125 0.03203125 0.03125 0.04375
0 0.334375 0.62578125 0.065625 0.0171875
0 0.02890625 0.496875 0.05625 0.0171875
0 0.75234375 0.60078125 0.0625 0.015625
0 0.54609375 0.59609375 0.065625 0.015625
0 0.42578125 0.01484375 0.028125 0.0296875
0 0.734375 0.62265625 0.071875 0.01875
0 0.4921875 0.3046875 0.03125 0.04375
0 0.36015625 0.871875 0.03125 0.04375