0 0.65078125 0.98046875 0.03125 0.0390625
0 0.56015625 0.2359375 0.028125 0.0375
0 0.51015625 0.2390625 0.028125 0.0375
0 0.55390625 0.1703125 0.03125 0.040625
0 0.50234375 0.1171875 0.03125 0.040625
0 0.5609375 0.29296875 0.028125 0.034375
0 0.6265625 0.71171875 0.028125 0.034375
0 0.6453125 0.921875 0.03125 0.04375
0 0.51484375 0.35859375 0.028125 0.034375
0 0.015625 0.928125 0.03125 0.0390625
0 0.57734375 0.703125 0.028125 0.034375
0 0.21015625 0.04921875 0.03125 0.0359375
0 0.56875 0.35546875 0.0296875 0.0375
0 0.509375 0.18515625 0.028125 0.0375
0 0.25078125 0.54375 0.071875 0.015625
0 0.1171875 0.88125 0.03125 0.034375
0 0.3484375 0.62734375 0.06875 0.015625
0 0.11640625 0.546875 0.0828125 0.01875
0 0.6328125 0.7578125 0.025 0.034375
1 0.51328125 0.30546875 0.03125 0.046875
0 0.67578125 0.62578125 0.065625 0.015625
0 0.34296875 0.62265625 0.06875 0.01875
0 0.64296875 0.86171875 0.03125 0.04375