0 0.6453125 0.98125 0.03125 0.0375
0 0.6375 0.9234375 0.03125 0.04375
0 0.55859375 0.2359375 0.028125 0.0375
0 0.559375 0.29296875 0.028125 0.0375
0 0.50859375 0.23828125 0.028125 0.0375
0 0.51328125 0.3625 0.028125 0.0359375
0 0.5515625 0.1703125 0.03125 0.040625
0 0.50234375 0.11640625 0.03125 0.0421875
0 0.62265625 0.7125 0.028125 0.0359375
0 0.01171875 0.92734375 0.0234375 0.0390625
0 0.57421875 0.7046875 0.028125 0.0359375
0 0.50390625 0.18203125 0.0296875 0.0375
0 0.6296875 0.8109375 0.0296875 0.0375
0 0.5671875 0.35859375 0.03125 0.0375
0 0.21484375 0.0625 0.034375 0.0375
0 0.11796875 0.50390625 0.06875 0.015625
0 0.11171875 0.546875 0.08125 0.01875
0 0.24609375 0.54375 0.0703125 0.015625
1 0.07890625 0.921875 0.0328125 0.04375
0 0.76328125 0.5921875 0.0625 0.015625
0 0.22890625 0.621875 0.0828125 0.0203125
0 0.521875 0.62734375 0.065625 0.015625
0 0.37890625 0.6 0.065625 0.015625
0 0.8859375 0.61875 0.0671875 0.01875
0 0.11015625 0.88125 0.03125 0.034375
0 0.51875 0.621875 0.0640625 0.01875
0 0.8828125 0.625 0.06875 0.0171875
1 0.70703125 0.4609375 0.065625 0.01875