0 0.01953125 0.64609375 0.03828125 0.03203125
0 0.82890625 0.55234375 0.04140625 0.03046875
0 0.7640625 0.55859375 0.03671875 0.028125
0 0.075 0.6375 0.04453125 0.03203125
0 0.70703125 0.559375 0.0359375 0.028125
0 0.88359375 0.503125 0.0421875 0.03125
0 0.76171875 0.50859375 0.0375 0.028125
0 0.63828125 0.51328125 0.03515625 0.02734375
0 0.07109375 0.01171875 0.0390625 0.0234375
0 0.2875 0.62265625 0.03515625 0.02734375
0 0.81796875 0.50390625 0.03828125 0.02890625
0 0.2953125 0.5734375 0.0359375 0.02734375
0 0.18984375 0.6296875 0.03671875 0.0296875
0 0.93828125 0.21484375 0.03671875 0.0328125
0 0.64453125 0.5671875 0.0375 0.03125
0 0.45625 0.24609375 0.01640625 0.0703125
0 0.453125 0.11171875 0.01796875 0.08125
0 0.36953125 0.11328125 0.01640625 0.065625
0 0.40859375 0.9546875 0.015625 0.06484375
1 0.53671875 0.540625 0.01875 0.0671875
0 0.37421875 0.67265625 0.015625 0.065625
0 0.38125 0.3921875 0.01953125 0.08125
0 0.40078125 0.56640625 0.01796875 0.0671875
1 0.078125 0.07890625 0.04296875 0.03203125
0 0.39765625 0.01875 0.015625 0.0375
0 0.240625 0.6234375 0.0328125 0.025
0 0.3796875 0.67421875 0.01796875 0.06484375
0 0.11953125 0.11015625 0.0359375 0.0328125