0 0.01875 0.6453125 0.0375 0.03125
0 0.0765625 0.6375 0.04453125 0.03203125
0 0.7640625 0.55859375 0.03671875 0.028125
0 0.70703125 0.559375 0.03671875 0.028125
0 0.76171875 0.50859375 0.0375 0.028125
0 0.6375 0.51328125 0.0359375 0.028125
0 0.8296875 0.5515625 0.040625 0.03046875
0 0.88359375 0.50234375 0.0421875 0.03125
0 0.2875 0.62265625 0.0359375 0.02734375
0 0.07265625 0.01171875 0.0390625 0.0234375
0 0.2953125 0.57421875 0.0359375 0.02734375
0 0.81796875 0.50390625 0.03828125 0.0296875
0 0.1890625 0.6296875 0.03671875 0.0296875
0 0.64140625 0.5671875 0.03828125 0.03046875
0 0.9375 0.21484375 0.03671875 0.034375
0 0.49609375 0.11796875 0.01640625 0.06796875
0 0.453125 0.11171875 0.01875 0.08203125
0 0.45625 0.24609375 0.01640625 0.0703125
1 0.078125 0.07890625 0.04375 0.0328125
0 0.4078125 0.76328125 0.015625 0.06328125
0 0.378125 0.22890625 0.0203125 0.0828125
0 0.37265625 0.521875 0.015625 0.06484375
0 0.4 0.37890625 0.01640625 0.06640625
0 0.38125 0.8859375 0.01796875 0.0671875
0 0.11875 0.11015625 0.03515625 0.03203125
0 0.378125 0.51875 0.01796875 0.0640625
0 0.375 0.8828125 0.01640625 0.06796875
1 0.5390625 0.70703125 0.01796875 0.06640625