0 0.23515625 0.55859375 0.0359375 0.028125
0 0.23828125 0.51015625 0.0375 0.028125
0 0.98046875 0.6515625 0.0390625 0.03125
0 0.1703125 0.55390625 0.040625 0.0296875
0 0.1171875 0.50390625 0.04375 0.03125
0 0.9203125 0.64609375 0.04375 0.03125
0 0.2921875 0.5609375 0.0359375 0.028125
0 0.35859375 0.515625 0.0359375 0.028125
0 0.71171875 0.62734375 0.034375 0.028125
1 0.97734375 0.04453125 0.0265625 0.0671875
0 0.9234375 0.0171875 0.040625 0.03125
0 0.040625 0.20859375 0.034375 0.03125
0 0.703125 0.578125 0.034375 0.028125
0 0.3578125 0.56875 0.0375 0.0296875
0 0.184375 0.509375 0.0375 0.028125
0 0.59140625 0.61328125 0.015625 0.065625
0 0.54296875 0.25078125 0.015625 0.06875
0 0.75625 0.6328125 0.034375 0.025
0 0.46875 0.34921875 0.015625 0.0609375
0 0.54609375 0.11640625 0.01875 0.08125
0 0.3015625 0.51015625 0.04375 0.03125
0 0.62578125 0.54375 0.015625 0.0625
0 0.03515625 0.4984375 0.04375 0.03125
0 0.6203125 0.53828125 0.015625 0.0625
0 0.49140625 0.8203125 0.0171875 0.0671875
0 0.88046875 0.11875 0.034375 0.034375
0 0.60078125 0.10234375 0.015625 0.06875
1 0.8609375 0.64296875 0.04375 0.03125
1 0.92109375 0.090625 0.04375 0.0328125