0 0.76484375 0.559375 0.0359375 0.02734375
0 0.76171875 0.51015625 0.0375 0.02734375
0 0.01953125 0.65078125 0.0390625 0.0328125
0 0.8296875 0.55390625 0.03984375 0.0296875
0 0.8828125 0.50390625 0.04296875 0.03125
0 0.0796875 0.64609375 0.04296875 0.03046875
0 0.7078125 0.56171875 0.03671875 0.028125
0 0.63828125 0.515625 0.03671875 0.028125
0 0.28828125 0.62734375 0.03515625 0.028125
0 0.959375 0.20859375 0.034375 0.03125
0 0.296875 0.57734375 0.034375 0.02734375
0 0.0734375 0.0171875 0.03984375 0.03203125
0 0.815625 0.51015625 0.03828125 0.028125
0 0.40625 0.33984375 0.01640625 0.065625
0 0.6421875 0.56875 0.0390625 0.0296875
0 0.45703125 0.25 0.01640625 0.06953125
0 0.45390625 0.11640625 0.01875 0.08125
0 0.6984375 0.51015625 0.04453125 0.03125
0 0.37265625 0.2875 0.015625 0.065625
0 0.24296875 0.6328125 0.03515625 0.02578125
0 0.1953125 0.6390625 0.03515625 0.028125
0 0.5375 0.66015625 0.01640625 0.0640625
0 0.378125 0.28515625 0.0171875 0.06640625
0 0.37578125 0.75546875 0.01640625 0.06875
0 0.11953125 0.11796875 0.03515625 0.034375
0 0.38125 0.75 0.01796875 0.06953125
1 0.1421875 0.63984375 0.04296875 0.03203125
0 0.41328125 0.9859375 0.015625 0.028125