0 0.07421875 0.6375 0.04453125 0.03203125
0 0.7640625 0.559375 0.0375 0.028125
0 0.01875 0.64609375 0.0375 0.0328125
0 0.8296875 0.55234375 0.03984375 0.03125
0 0.70703125 0.559375 0.03671875 0.02890625
0 0.7609375 0.509375 0.0390625 0.02890625
0 0.6375 0.51328125 0.0359375 0.028125
0 0.8828125 0.5015625 0.0421875 0.03125
0 0.28515625 0.62421875 0.034375 0.02734375
0 0.29453125 0.57421875 0.0359375 0.02734375
0 0.07109375 0.0125 0.0390625 0.02421875
0 0.8171875 0.50390625 0.0375 0.02890625
0 0.93828125 0.58359375 0.03671875 0.0296875
0 0.63984375 0.5671875 0.0390625 0.03125
0 0.19375 0.63359375 0.0375 0.02890625
0 0.9375 0.215625 0.03671875 0.034375
0 0.9671875 0.4984375 0.04296875 0.03203125
0 0.371875 0.17890625 0.01796875 0.07265625
0 0.45625 0.23984375 0.01640625 0.0703125
1 0.07421875 0.078125 0.04296875 0.03203125
0 0.1375 0.634375 0.0421875 0.03125
0 0.4046875 0.8515625 0.0171875 0.06875
0 0.11796875 0.1109375 0.034375 0.03203125
0 0.53515625 0.70703125 0.01875 0.08515625
0 0.50234375 0.7109375 0.01796875 0.0703125
0 0.3984375 0.1234375 0.01484375 0.059375
0 0.371875 0.5546875 0.015625 0.06328125
0 0.240625 0.6234375 0.0328125 0.025
0 0.403125 0.33671875 0.01640625 0.0703125
0 0.375 0.98359375 0.0171875 0.03125
0 0.6953125 0.5078125 0.04453125 0.03125
0 0.37734375 0.5609375 0.01796875 0.06328125