0 0.01953125 0.65078125 0.03828125 0.03203125
0 0.7640625 0.56015625 0.03671875 0.02734375
0 0.7609375 0.51015625 0.0375 0.02734375
0 0.8296875 0.55390625 0.03984375 0.03125
0 0.8828125 0.50234375 0.04140625 0.03125
0 0.70703125 0.5609375 0.03515625 0.028125
0 0.28828125 0.6265625 0.03515625 0.028125
0 0.078125 0.6453125 0.04375 0.03125
0 0.64140625 0.51484375 0.03515625 0.028125
0 0.071875 0.015625 0.0390625 0.03125
0 0.296875 0.57734375 0.034375 0.02734375
0 0.95078125 0.21015625 0.0359375 0.03125
0 0.64453125 0.56875 0.0375 0.0296875
0 0.81484375 0.509375 0.0375 0.02734375
0 0.45625 0.25078125 0.01640625 0.07109375
0 0.11875 0.1171875 0.03359375 0.03203125
0 0.37265625 0.3484375 0.01640625 0.06953125
0 0.453125 0.11640625 0.01875 0.0828125
0 0.2421875 0.6328125 0.03515625 0.02578125
1 0.69453125 0.51328125 0.04609375 0.03046875
0 0.37421875 0.67578125 0.015625 0.065625
0 0.37734375 0.34296875 0.01796875 0.06953125
0 0.13828125 0.64296875 0.04375 0.03203125