0 0.48984375 0.76171875 0.028125 0.0375
0 0.44140625 0.76484375 0.0265625 0.0359375
0 0.446875 0.8296875 0.0296875 0.040625
0 0.49609375 0.88359375 0.03125 0.04375
0 0.353125 0.08046875 0.03125 0.04375
0 0.371875 0.28828125 0.028125 0.034375
0 0.484375 0.64140625 0.028125 0.0375
0 0.4390625 0.7078125 0.028125 0.0375
0 0.421875 0.296875 0.028125 0.034375
0 0.7921875 0.95859375 0.03125 0.034375
0 0.98203125 0.07734375 0.03125 0.040625
0 0.490625 0.815625 0.028125 0.0375
0 0.43125 0.6421875 0.0296875 0.0390625
0 0.36640625 0.24375 0.025 0.034375
0 0.7484375 0.45703125 0.06875 0.0171875
0 0.88359375 0.45390625 0.08125 0.01875
0 0.35859375 0.40390625 0.06875 0.015625
0 0.98203125 0.45 0.0359375 0.01875
0 0.48984375 0.6984375 0.03125 0.04375
0 0.346875 0.0203125 0.0328125 0.040625
0 0.88046875 0.11953125 0.034375 0.034375
0 0.915625 0.39921875 0.0625 0.015625
0 0.228125 0.50546875 0.059375 0.015625
0 0.66171875 0.5 0.059375 0.015625
0 0.36015625 0.196875 0.028125 0.0359375