0 0.76484375 0.559375 0.0359375 0.028125
0 0.76171875 0.51015625 0.0375 0.028125
0 0.01953125 0.65078125 0.0390625 0.03125
0 0.8296875 0.55390625 0.040625 0.0296875
0 0.88359375 0.50390625 0.04375 0.03125
0 0.0796875 0.64609375 0.04375 0.03125
0 0.28828125 0.62734375 0.034375 0.028125
0 0.64140625 0.515625 0.0375 0.028125
0 0.7078125 0.5609375 0.0375 0.028125
0 0.959375 0.20859375 0.034375 0.03125
0 0.07265625 0.0171875 0.040625 0.0328125
0 0.296875 0.57734375 0.034375 0.028125
0 0.6421875 0.56875 0.0390625 0.0296875
0 0.815625 0.509375 0.0375 0.028125
0 0.4078125 0.52578125 0.015625 0.065625
0 0.24296875 0.6328125 0.034375 0.025
0 0.53359375 0.44765625 0.015625 0.0609375
0 0.45703125 0.25078125 0.015625 0.06875
0 0.45390625 0.11640625 0.01875 0.08125
0 0.37265625 0.46171875 0.015625 0.0625
0 0.51484375 0.9109375 0.015625 0.0671875
0 0.38203125 0.93515625 0.0171875 0.06875
1 0.0265625 0.03125 0.0234375 0.0625
0 0.6984375 0.51015625 0.04375 0.03125
0 0.378125 0.46171875 0.015625 0.065625
1 0.1421875 0.63984375 0.04375 0.03125