0 0.2359375 0.559375 0.0375 0.028125
0 0.98125 0.64609375 0.0375 0.03125
0 0.29375 0.559375 0.0375 0.028125
0 0.2390625 0.50859375 0.0375 0.028125
0 0.17109375 0.55234375 0.040625 0.03125
0 0.36328125 0.51328125 0.0359375 0.028125
0 0.1171875 0.5015625 0.0421875 0.03125
0 0.70625 0.57421875 0.0359375 0.028125
0 0.71484375 0.62421875 0.034375 0.028125
0 0.92890625 0.01171875 0.0390625 0.0234375
0 0.1828125 0.50390625 0.0375 0.028125
0 0.8625 0.634375 0.040625 0.03125
0 0.359375 0.5671875 0.0390625 0.03125
0 0.92578125 0.640625 0.0453125 0.03125
0 0.80703125 0.634375 0.0375 0.028125
1 0.9265625 0.078125 0.0421875 0.03125
0 0.54921875 0.03203125 0.0171875 0.0640625
0 0.62734375 0.51796875 0.015625 0.0703125
0 0.0625 0.2140625 0.0375 0.034375
0 0.54375 0.24609375 0.0171875 0.0703125
0 0.50234375 0.38046875 0.015625 0.065625
0 0.8828125 0.11015625 0.034375 0.03125
0 0.59921875 0.58046875 0.015625 0.0625
0 0.4984375 0.775 0.0171875 0.071875
0 0.4703125 0.40078125 0.01875 0.0796875
0 0.465625 0.828125 0.015625 0.065625
0 0.5953125 0.78125 0.015625 0.065625
0 0.76015625 0.6234375 0.034375 0.025
0 0.621875 0.51328125 0.01875 0.06875
0 0.61796875 0.96015625 0.01875 0.065625
1 0.30546875 0.51171875 0.046875 0.03125
0 0.62421875 0.96328125 0.0171875 0.065625
0 0.871875 0.63984375 0.04375 0.03125