0 0.23515625 0.55859375 0.0375 0.028125
0 0.2390625 0.509375 0.0375 0.028125
0 0.9203125 0.64765625 0.04375 0.03125
0 0.1171875 0.5015625 0.04375 0.03125
0 0.16953125 0.5515625 0.040625 0.03125
0 0.29296875 0.56015625 0.0359375 0.028125
0 0.71171875 0.628125 0.034375 0.028125
0 0.3625 0.5140625 0.034375 0.028125
0 0.1828125 0.50390625 0.0375 0.028125
0 0.70390625 0.578125 0.034375 0.028125
0 0.92734375 0.01953125 0.040625 0.03125
0 0.35546875 0.56875 0.0375 0.03125
0 0.0421875 0.20703125 0.034375 0.03125
0 0.75625 0.63359375 0.034375 0.025
0 0.0359375 0.49609375 0.04375 0.03125
0 0.54375 0.25078125 0.015625 0.06875
0 0.55078125 0.02578125 0.021875 0.0515625
1 0.9203125 0.09296875 0.04375 0.0328125
0 0.46875 0.39765625 0.0171875 0.06875
0 0.54765625 0.11640625 0.01875 0.08125
0 0.59765625 0.2203125 0.0171875 0.0671875
0 0.6296875 0.0859375 0.015625 0.065625
0 0.9796875 0.65390625 0.040625 0.0328125
0 0.48515625 0.88984375 0.015625 0.0625
0 0.5921875 0.6640625 0.015625 0.053125
0 0.87890625 0.12109375 0.0375 0.034375