0 0.440625 0.76484375 0.028125 0.0375
0 0.490625 0.7609375 0.028125 0.0375
0 0.35234375 0.0796875 0.03125 0.04375
0 0.4984375 0.8828125 0.03125 0.04375
0 0.43984375 0.70703125 0.028125 0.0359375
0 0.371875 0.28828125 0.028125 0.034375
0 0.4484375 0.8296875 0.03125 0.040625
0 0.48515625 0.6375 0.028125 0.034375
0 0.49609375 0.8171875 0.028125 0.0375
0 0.421875 0.29609375 0.028125 0.034375
0 0.43125 0.64453125 0.03125 0.0375
0 0.3703125 0.2421875 0.025 0.0328125
0 0.79296875 0.9578125 0.03125 0.034375
0 0.98125 0.0734375 0.03125 0.0390625
0 0.34609375 0.0203125 0.0328125 0.040625
0 0.50390625 0.9640625 0.03125 0.04375
0 0.9421875 0.49453125 0.0625 0.015625
0 0.5203125 0.5328125 0.06875 0.0171875
0 0.7484375 0.45625 0.06875 0.015625
0 0.02578125 0.51640625 0.0515625 0.015625
0 0.884375 0.453125 0.08125 0.01875
0 0.97421875 0.45 0.05 0.021875
0 0.4984375 0.5015625 0.0828125 0.01875
2 0.25 0.37109375 0.26875 0.04375
1 0.90703125 0.0796875 0.0328125 0.04375
0 0.4265625 0.40625 0.053125 0.015625
0 0.9765625 0.3703125 0.046875 0.0171875
0 0.865625 0.4015625 0.0671875 0.0171875
1 0.35703125 0.13984375 0.03125 0.0421875
0 0.490625 0.6984375 0.03125 0.04375