0 0.559375 0.76484375 0.028125 0.0359375
0 0.51015625 0.76171875 0.028125 0.0375
0 0.65078125 0.01953125 0.0328125 0.0390625
0 0.55390625 0.8296875 0.0296875 0.040625
0 0.50390625 0.8828125 0.03125 0.04375
0 0.64609375 0.0796875 0.03125 0.04375
0 0.56171875 0.7078125 0.028125 0.0375
0 0.515625 0.63828125 0.028125 0.0375
0 0.62734375 0.28828125 0.028125 0.034375
0 0.20859375 0.959375 0.03125 0.034375
0 0.57734375 0.296875 0.028125 0.034375
0 0.0171875 0.0734375 0.03125 0.040625
0 0.51015625 0.815625 0.028125 0.0375
0 0.33984375 0.40625 0.065625 0.015625
0 0.56875 0.6421875 0.0296875 0.0390625
0 0.25 0.45703125 0.06875 0.015625
0 0.11640625 0.45390625 0.08125 0.01875
0 0.51015625 0.6984375 0.03125 0.04375
0 0.2875 0.37265625 0.065625 0.015625
0 0.6328125 0.24296875 0.025 0.034375
0 0.6390625 0.1953125 0.028125 0.034375
0 0.66015625 0.5375 0.0640625 0.015625
0 0.28515625 0.378125 0.065625 0.0171875
0 0.75546875 0.37578125 0.06875 0.015625
0 0.11796875 0.11953125 0.034375 0.034375
0 0.75 0.38125 0.06875 0.01875
1 0.63984375 0.1421875 0.03125 0.04375
0 0.9859375 0.41328125 0.028125 0.015625