0 0.51015625 0.23828125 0.028125 0.0375
0 0.55859375 0.23515625 0.0265625 0.0359375
0 0.553125 0.1703125 0.0296875 0.040625
0 0.50390625 0.11640625 0.03125 0.04375
0 0.646875 0.91953125 0.03125 0.0421875
0 0.628125 0.71171875 0.028125 0.034375
0 0.515625 0.35859375 0.028125 0.0375
0 0.5609375 0.2921875 0.028125 0.0375
0 0.578125 0.703125 0.028125 0.034375
0 0.2078125 0.04140625 0.03125 0.034375
0 0.01796875 0.92265625 0.03125 0.040625
0 0.509375 0.184375 0.028125 0.0375
0 0.56875 0.3578125 0.0296875 0.0390625
0 0.63359375 0.75625 0.025 0.034375
0 0.2515625 0.54296875 0.06875 0.0171875
0 0.11640625 0.54609375 0.08125 0.01875
0 0.64140625 0.59609375 0.06875 0.015625
0 0.01796875 0.55 0.0359375 0.01875
0 0.51015625 0.3015625 0.03125 0.04375
0 0.653125 0.9796875 0.0328125 0.040625
0 0.11953125 0.88046875 0.034375 0.034375
0 0.084375 0.60078125 0.0625 0.015625
0 0.771875 0.49453125 0.059375 0.015625
0 0.33828125 0.5 0.059375 0.015625
0 0.63984375 0.803125 0.028125 0.0359375