0 0.6375 0.925 0.0328125 0.04375
0 0.55859375 0.2359375 0.028125 0.0375
0 0.64609375 0.98125 0.0328125 0.0375
0 0.559375 0.29296875 0.028125 0.0375
0 0.553125 0.1703125 0.03125 0.040625
0 0.509375 0.2390625 0.028125 0.0375
0 0.51328125 0.3625 0.028125 0.0359375
0 0.5015625 0.11640625 0.03125 0.0421875
0 0.50390625 0.18203125 0.0296875 0.0375
0 0.01171875 0.92890625 0.0234375 0.0390625
0 0.57265625 0.7046875 0.0265625 0.034375
0 0.62265625 0.7140625 0.028125 0.034375
0 0.5671875 0.36015625 0.03125 0.0390625
0 0.63359375 0.80625 0.028125 0.0375
0 0.63359375 0.8625 0.03125 0.040625
0 0.13828125 0.59921875 0.059375 0.015625
0 0.21484375 0.0625 0.034375 0.0375
0 0.11015625 0.88203125 0.03125 0.034375
0 0.2828125 0.50703125 0.0671875 0.01875
0 0.246875 0.54375 0.071875 0.0171875
0 0.10546875 0.54765625 0.08125 0.01875
0 0.04453125 0.6296875 0.065625 0.015625
0 0.59296875 0.49453125 0.06875 0.0171875
1 0.078125 0.92578125 0.03125 0.04375
0 0.384375 0.628125 0.065625 0.0171875
0 0.49765625 0.60078125 0.075 0.01875
0 0.303125 0.478125 0.0625 0.015625
0 0.390625 0.62265625 0.065625 0.01875
0 0.63984375 0.87109375 0.03125 0.04375
0 0.6234375 0.759375 0.025 0.034375