0 0.65390625 0.98046875 0.03125 0.0390625
0 0.5578125 0.2359375 0.028125 0.0375
0 0.559375 0.29296875 0.028125 0.0375
0 0.55 0.17109375 0.03125 0.040625
0 0.50859375 0.23984375 0.028125 0.0375
0 0.64921875 0.921875 0.03125 0.04375
0 0.5 0.1171875 0.03125 0.04375
0 0.5140625 0.3625 0.028125 0.034375
0 0.503125 0.1828125 0.0296875 0.0375
0 0.64609375 0.8625 0.03125 0.04375
0 0.628125 0.7125 0.028125 0.034375
0 0.57890625 0.70390625 0.028125 0.034375
0 0.63046875 0.75859375 0.025 0.034375
0 0.56796875 0.359375 0.03125 0.0375
0 0.20546875 0.0421875 0.03125 0.0359375
0 0.6375 0.809375 0.0296875 0.0359375
0 0.01953125 0.92890625 0.0328125 0.0390625
0 0.49453125 0.03515625 0.03125 0.04375
0 0.11015625 0.98671875 0.0328125 0.0265625
0 0.2515625 0.54453125 0.06875 0.015625
0 0.1203125 0.88203125 0.034375 0.034375
0 0.115625 0.5484375 0.08125 0.01875
0 0.71484375 0.4609375 0.08125 0.01875
0 0.434375 0.60546875 0.065625 0.015625
0 0.29765625 0.47265625 0.065625 0.015625
0 0.02421875 0.55234375 0.0484375 0.021875
1 0.09296875 0.921875 0.034375 0.04375
0 0.29609375 0.47890625 0.065625 0.01875
0 0.5078125 0.3046875 0.03125 0.0453125