0 0.76484375 0.5578125 0.03671875 0.028125
0 0.76171875 0.509375 0.0375 0.028125
0 0.0796875 0.646875 0.04296875 0.03125
0 0.8828125 0.50078125 0.04296875 0.03125
0 0.70703125 0.559375 0.0359375 0.028125
0 0.82890625 0.5515625 0.03984375 0.03046875
0 0.28828125 0.628125 0.03515625 0.028125
0 0.63828125 0.5140625 0.03515625 0.028125
0 0.8171875 0.50390625 0.03828125 0.0296875
0 0.296875 0.578125 0.03515625 0.028125
0 0.07265625 0.01875 0.0390625 0.03125
0 0.64140625 0.56796875 0.03828125 0.0296875
0 0.9578125 0.20703125 0.0359375 0.0328125
0 0.0203125 0.65390625 0.040625 0.0328125
0 0.24375 0.63359375 0.03359375 0.025
0 0.9640625 0.4953125 0.04453125 0.03203125
1 0.07890625 0.0921875 0.04296875 0.0328125
0 0.45703125 0.25 0.01640625 0.06875
0 0.37265625 0.24140625 0.01484375 0.0609375
0 0.453125 0.11640625 0.01796875 0.08203125
0 0.44921875 0.02578125 0.02265625 0.05078125
2 0.37265625 0.93828125 0.03671875 0.1234375
0 0.40390625 0.403125 0.01640625 0.06640625
0 0.50703125 0.69453125 0.015625 0.06328125
0 0.49609375 0.22109375 0.0171875 0.0796875
0 0.1203125 0.12109375 0.0359375 0.03359375
0 0.53984375 0.91953125 0.01640625 0.06328125
0 0.52109375 0.22265625 0.0171875 0.0671875
0 0.52734375 0.22109375 0.01640625 0.06796875
0 0.415625 0.85859375 0.0140625 0.05390625
0 0.19140625 0.6359375 0.03515625 0.0296875