0 0.3546875 0.98125 0.03125 0.0375
0 0.3625 0.9234375 0.03125 0.04375
0 0.44140625 0.2359375 0.028125 0.0375
0 0.440625 0.29296875 0.028125 0.0375
0 0.49140625 0.23828125 0.028125 0.0375
0 0.48671875 0.3625 0.028125 0.0359375
0 0.4484375 0.1703125 0.03125 0.040625
0 0.49765625 0.11640625 0.03125 0.0421875
0 0.37734375 0.7125 0.028125 0.0359375
0 0.98828125 0.92734375 0.0234375 0.0390625
0 0.42578125 0.7046875 0.028125 0.0359375
0 0.49609375 0.18203125 0.0296875 0.0375
0 0.3703125 0.8109375 0.0296875 0.0375
0 0.4328125 0.35859375 0.03125 0.0375
0 0.78515625 0.0625 0.034375 0.0375
0 0.88203125 0.50390625 0.06875 0.015625
0 0.88828125 0.546875 0.08125 0.01875
0 0.75390625 0.54375 0.0703125 0.015625
1 0.92109375 0.921875 0.0328125 0.04375
0 0.23671875 0.5921875 0.0625 0.015625
0 0.77109375 0.621875 0.0828125 0.0203125
0 0.478125 0.62734375 0.065625 0.015625
0 0.62109375 0.6 0.065625 0.015625
0 0.1140625 0.61875 0.0671875 0.01875
0 0.88984375 0.88125 0.03125 0.034375
0 0.48125 0.621875 0.0640625 0.01875
0 0.1171875 0.625 0.06875 0.0171875
1 0.29296875 0.4609375 0.065625 0.01875