0 0.65546875 0.98046875 0.03125 0.0375
0 0.6515625 0.921875 0.03125 0.04375
0 0.5578125 0.2359375 0.028125 0.0375
0 0.55078125 0.17109375 0.03125 0.040625
0 0.5 0.1171875 0.03125 0.04375
0 0.50859375 0.23984375 0.028125 0.0375
0 0.559375 0.29296875 0.028125 0.0375
0 0.503125 0.18359375 0.0296875 0.0375
0 0.5140625 0.359375 0.028125 0.034375
0 0.63203125 0.75859375 0.025 0.034375
0 0.63828125 0.81015625 0.0296875 0.0359375
0 0.0203125 0.92890625 0.0328125 0.0390625
0 0.62890625 0.7125 0.028125 0.034375
0 0.646875 0.8625 0.03125 0.04375
0 0.5796875 0.703125 0.028125 0.034375
0 0.56796875 0.359375 0.0296875 0.0375
0 0.20546875 0.04296875 0.03125 0.0359375
0 0.12109375 0.8828125 0.034375 0.034375
0 0.2515625 0.54453125 0.06875 0.015625
0 0.4953125 0.03515625 0.0328125 0.04375
0 0.57578125 0.4671875 0.0625 0.0171875
0 0.025 0.553125 0.05 0.021875
0 0.11640625 0.5484375 0.08125 0.01875
1 0.09375 0.92578125 0.034375 0.04375
0 0.22421875 0.4796875 0.078125 0.01875