0 0.559375 0.2359375 0.028125 0.0375
0 0.64609375 0.98125 0.03125 0.0375
0 0.559375 0.29296875 0.028125 0.0375
0 0.509375 0.2390625 0.028125 0.0375
0 0.5015625 0.1171875 0.03125 0.0421875
0 0.51328125 0.36328125 0.028125 0.0359375
0 0.55234375 0.17109375 0.03125 0.040625
0 0.57421875 0.70546875 0.028125 0.0359375
0 0.640625 0.925 0.03125 0.04375
0 0.62265625 0.71484375 0.028125 0.034375
0 0.50390625 0.1828125 0.028125 0.0375
0 0.0125 0.92890625 0.025 0.0390625
0 0.5671875 0.36015625 0.03125 0.0390625
0 0.63359375 0.80625 0.028125 0.0375
0 0.634375 0.8625 0.03125 0.0421875
1 0.078125 0.92578125 0.0328125 0.04375
0 0.24609375 0.54375 0.0703125 0.0171875
0 0.02578125 0.603125 0.0515625 0.01875
0 0.01875 0.63125 0.0375 0.01875
0 0.21484375 0.0625 0.034375 0.0375
0 0.21484375 0.5046875 0.065625 0.015625
0 0.684375 0.62578125 0.0703125 0.0171875
0 0.0671875 0.5484375 0.084375 0.01875
0 0.11015625 0.8828125 0.03125 0.034375
0 0.959375 0.49140625 0.0734375 0.0171875
0 0.67109375 0.4671875 0.0671875 0.015625
0 0.7875 0.59765625 0.0625 0.015625
0 0.6234375 0.76015625 0.025 0.034375
0 0.98046875 0.59609375 0.0390625 0.0171875
0 0.68515625 0.61953125 0.071875 0.01875
0 0.63125 0.49921875 0.06875 0.0171875
0 0.240625 0.47734375 0.078125 0.01875
0 0.49765625 0.03515625 0.03125 0.04375
0 0.63984375 0.87109375 0.03125 0.04375