0 0.7640625 0.55859375 0.03671875 0.028125
0 0.83046875 0.55234375 0.03984375 0.03125
0 0.6375 0.51328125 0.0359375 0.02734375
0 0.01875 0.64609375 0.0375 0.0328125
0 0.7609375 0.509375 0.03828125 0.028125
0 0.70703125 0.559375 0.03671875 0.02890625
0 0.8828125 0.5015625 0.0421875 0.03125
0 0.07578125 0.63984375 0.04453125 0.03125
0 0.81796875 0.50390625 0.03828125 0.02890625
0 0.29453125 0.5734375 0.03515625 0.02734375
0 0.07109375 0.01171875 0.0390625 0.0234375
0 0.2859375 0.621875 0.03515625 0.02734375
0 0.640625 0.5671875 0.03828125 0.03046875
0 0.40234375 0.40078125 0.01484375 0.0609375
0 0.19375 0.63359375 0.0375 0.02890625
0 0.9375 0.21484375 0.03671875 0.034375
1 0.07421875 0.078125 0.04296875 0.03203125
0 0.45390625 0.1109375 0.01875 0.08125
0 0.45625 0.246875 0.01640625 0.06953125
0 0.371875 0.23984375 0.01640625 0.0640625
0 0.50078125 0.4 0.01640625 0.06953125
0 0.11875 0.1109375 0.034375 0.03203125
0 0.37421875 0.58984375 0.0171875 0.06796875
0 0.40234375 0.74921875 0.01796875 0.07890625
0 0.48984375 0.0890625 0.015625 0.06484375
0 0.51875 0.09921875 0.01484375 0.0578125
0 0.13828125 0.63359375 0.04140625 0.03046875
0 0.3796875 0.596875 0.01796875 0.0671875
0 0.396875 0.02109375 0.01640625 0.04140625
0 0.96484375 0.49765625 0.04375 0.03125
0 0.69765625 0.50703125 0.04453125 0.03125
0 0.240625 0.6234375 0.03359375 0.025