0 0.65546875 0.01953125 0.03125 0.0375
0 0.6515625 0.078125 0.03125 0.04375
0 0.5578125 0.7640625 0.028125 0.0375
0 0.55078125 0.82890625 0.03125 0.040625
0 0.5 0.8828125 0.03125 0.04375
0 0.559375 0.70703125 0.028125 0.0375
0 0.50859375 0.76015625 0.028125 0.0375
0 0.64140625 0.18984375 0.0296875 0.0359375
0 0.503125 0.8171875 0.0296875 0.0375
0 0.5140625 0.640625 0.028125 0.034375
0 0.0203125 0.0703125 0.03125 0.0390625
0 0.646875 0.1375 0.03125 0.04375
0 0.62890625 0.2875 0.028125 0.034375
0 0.63203125 0.24140625 0.025 0.034375
0 0.56796875 0.640625 0.03125 0.0375
0 0.20546875 0.95703125 0.03125 0.0359375
0 0.5796875 0.29609375 0.028125 0.034375
0 0.12109375 0.1171875 0.034375 0.034375
0 0.146875 0.51796875 0.078125 0.01875
0 0.2515625 0.45546875 0.0703125 0.015625
0 0.4953125 0.96484375 0.0328125 0.04375
0 0.11640625 0.4515625 0.0828125 0.01875
0 0.4953125 0.53203125 0.0625 0.015625
0 0.025 0.446875 0.05 0.021875
0 0.1125 0.01328125 0.034375 0.0265625
1 0.09453125 0.071875 0.034375 0.0421875