0 0.01953125 0.65390625 0.0390625 0.03125
0 0.8828125 0.5 0.04375 0.03125
0 0.7640625 0.5578125 0.0375 0.028125
0 0.82890625 0.55078125 0.040625 0.03125
0 0.70703125 0.559375 0.0375 0.028125
0 0.76015625 0.50859375 0.0375 0.028125
0 0.078125 0.64765625 0.04375 0.03125
0 0.6375 0.5140625 0.034375 0.028125
0 0.81640625 0.503125 0.0375 0.0296875
0 0.13828125 0.6453125 0.04375 0.03125
0 0.2875 0.628125 0.034375 0.028125
0 0.24140625 0.63046875 0.034375 0.025
0 0.29609375 0.57890625 0.034375 0.028125
0 0.9578125 0.20546875 0.0375 0.03125
0 0.071875 0.01953125 0.0390625 0.03125
0 0.190625 0.63671875 0.0359375 0.0296875
0 0.640625 0.56796875 0.0375 0.03125
0 0.11796875 0.1203125 0.034375 0.0328125
0 0.39296875 0.15 0.015625 0.0625
0 0.5328125 0.56640625 0.0171875 0.0671875
0 0.45546875 0.2515625 0.015625 0.06875
0 0.54375 0.975 0.01875 0.05
0 0.9640625 0.4953125 0.04375 0.0328125
0 0.51953125 0.1609375 0.015625 0.0625
0 0.4515625 0.11640625 0.01875 0.08125
0 0.44765625 0.02421875 0.021875 0.0484375
0 0.40625 0.925 0.0171875 0.071875
0 0.6953125 0.5078125 0.0453125 0.03125