0 0.01875 0.6484375 0.0375 0.03125
0 0.7640625 0.559375 0.0375 0.028125
0 0.828125 0.553125 0.040625 0.03125
0 0.7609375 0.509375 0.0375 0.028125
0 0.70703125 0.56015625 0.0359375 0.028125
0 0.8828125 0.503125 0.0421875 0.03125
0 0.2875 0.62578125 0.034375 0.028125
0 0.07734375 0.64453125 0.04375 0.03125
0 0.63828125 0.5140625 0.034375 0.028125
0 0.18984375 0.63359375 0.0359375 0.0296875
0 0.07109375 0.0140625 0.0375 0.028125
0 0.81796875 0.5046875 0.0375 0.028125
0 0.640625 0.56796875 0.0375 0.0296875
0 0.1375 0.64140625 0.04375 0.03125
0 0.29609375 0.57578125 0.0359375 0.028125
0 0.45625 0.24921875 0.015625 0.06875
0 0.11796875 0.11640625 0.034375 0.03125
0 0.453125 0.1140625 0.01875 0.08125
0 0.3703125 0.34296875 0.015625 0.06875
0 0.240625 0.6265625 0.034375 0.025
0 0.4046875 0.97421875 0.015625 0.05
0 0.4015625 0.19375 0.01875 0.08125
0 0.36875 0.028125 0.0171875 0.05625
0 0.6984375 0.50859375 0.04375 0.03125
1 0.375 0.9484375 0.01875 0.084375
0 0.37578125 0.33671875 0.01875 0.0671875