0 0.76171875 0.51015625 0.0375 0.02734375
0 0.76484375 0.559375 0.0359375 0.02734375
0 0.01953125 0.65078125 0.0390625 0.03203125
0 0.8296875 0.55390625 0.03984375 0.0296875
0 0.8828125 0.50390625 0.04296875 0.03125
0 0.7078125 0.5609375 0.03671875 0.028125
0 0.64140625 0.515625 0.0359375 0.028125
0 0.28828125 0.62734375 0.034375 0.028125
0 0.07890625 0.64609375 0.04296875 0.03046875
0 0.296875 0.57734375 0.03359375 0.02734375
0 0.9578125 0.20859375 0.034375 0.03046875
0 0.07265625 0.01640625 0.03984375 0.03203125
0 0.81484375 0.509375 0.03828125 0.028125
0 0.40546875 0.25546875 0.015625 0.0640625
0 0.24296875 0.6328125 0.034375 0.025
0 0.6421875 0.56875 0.03828125 0.0296875
0 0.45625 0.25 0.01640625 0.06796875
0 0.37109375 0.21015625 0.015625 0.065625
0 0.6984375 0.51015625 0.04453125 0.03046875
0 0.45390625 0.11640625 0.01875 0.08046875
0 0.375 0.67734375 0.01640625 0.0671875
0 0.5390625 0.75625 0.01640625 0.06484375
0 0.1953125 0.6390625 0.03515625 0.02734375
0 0.11953125 0.11796875 0.03515625 0.03359375
0 0.38046875 0.678125 0.0171875 0.0671875
1 0.40703125 0.91953125 0.0171875 0.07890625