0 0.65390625 0.9796875 0.03125 0.0390625
0 0.5578125 0.2359375 0.028125 0.0375
0 0.55078125 0.17109375 0.03125 0.040625
0 0.5 0.1171875 0.03125 0.04375
0 0.559375 0.29296875 0.028125 0.0375
0 0.64765625 0.92109375 0.03125 0.04375
0 0.50859375 0.23984375 0.028125 0.0375
0 0.5140625 0.36171875 0.028125 0.034375
0 0.503125 0.1828125 0.0296875 0.0375
0 0.628125 0.7125 0.028125 0.034375
0 0.57890625 0.70390625 0.028125 0.034375
0 0.6453125 0.8609375 0.03125 0.04375
0 0.01875 0.928125 0.03125 0.0390625
0 0.20546875 0.0421875 0.03125 0.0359375
0 0.56796875 0.359375 0.03125 0.0375
0 0.63046875 0.7578125 0.025 0.034375
0 0.63671875 0.809375 0.0296875 0.034375
0 0.1203125 0.88125 0.034375 0.034375
0 0.2515625 0.54453125 0.0703125 0.015625
0 0.025 0.55234375 0.05 0.0234375
0 0.11640625 0.54765625 0.08125 0.01875
0 0.840625 0.46171875 0.06875 0.0171875
0 0.82109375 0.621875 0.06875 0.01875
0 0.646875 0.5953125 0.0671875 0.0171875
0 0.434375 0.47109375 0.065625 0.0171875
0 0.82890625 0.61640625 0.06875 0.01875
1 0.09296875 0.921875 0.034375 0.04375
0 0.49453125 0.0359375 0.03125 0.04375