0 0.01953125 0.64609375 0.03828125 0.03203125
0 0.82890625 0.55234375 0.04140625 0.03046875
0 0.70703125 0.559375 0.0359375 0.028125
0 0.76484375 0.55859375 0.03671875 0.028125
0 0.76171875 0.50859375 0.0375 0.028125
0 0.63828125 0.51328125 0.03515625 0.02734375
0 0.88359375 0.503125 0.0421875 0.03125
0 0.07578125 0.6375 0.04375 0.03203125
0 0.2875 0.62265625 0.03515625 0.02734375
0 0.071875 0.0125 0.0390625 0.02421875
0 0.81796875 0.50390625 0.03828125 0.02890625
0 0.2953125 0.57421875 0.0359375 0.028125
0 0.64140625 0.5671875 0.03828125 0.03046875
0 0.18984375 0.63046875 0.03671875 0.0296875
0 0.9375 0.21484375 0.03671875 0.0328125
0 0.45625 0.24609375 0.01640625 0.0703125
0 0.453125 0.1109375 0.01796875 0.08203125
0 0.240625 0.6234375 0.0328125 0.025
0 0.37109375 0.3359375 0.0171875 0.06875
0 0.50546875 0.9734375 0.0171875 0.053125
0 0.403125 0.8515625 0.01796875 0.06953125
0 0.38515625 0.6453125 0.02109375 0.084375
0 0.4 0.26953125 0.01484375 0.06015625
0 0.11875 0.1109375 0.03515625 0.0328125
0 0.375 0.90078125 0.0171875 0.06640625
0 0.37578125 0.32890625 0.01875 0.06953125