0 0.7640625 0.5578125 0.0375 0.028125
0 0.0796875 0.646875 0.04375 0.03125
0 0.7609375 0.50859375 0.0375 0.028125
0 0.82890625 0.55078125 0.040625 0.03125
0 0.8828125 0.5 0.04375 0.03125
0 0.70703125 0.559375 0.0359375 0.028125
0 0.02109375 0.65234375 0.040625 0.03125
0 0.28828125 0.628125 0.034375 0.028125
0 0.8171875 0.503125 0.0375 0.0296875
0 0.63828125 0.5140625 0.034375 0.028125
0 0.29609375 0.578125 0.034375 0.028125
0 0.07265625 0.01875 0.0390625 0.03125
0 0.64140625 0.56796875 0.0375 0.0296875
0 0.9578125 0.20625 0.0359375 0.03125
0 0.2421875 0.62890625 0.0328125 0.025
0 0.4484375 0.025 0.021875 0.05
0 0.45625 0.25078125 0.015625 0.0703125
0 0.9640625 0.4953125 0.04375 0.03125
0 0.453125 0.11640625 0.01875 0.08125
0 0.36953125 0.01796875 0.01875 0.034375
0 0.37265625 0.48046875 0.015625 0.065625
1 0.07890625 0.0921875 0.04375 0.0328125
0 0.40703125 0.68984375 0.0171875 0.0703125
0 0.1203125 0.12109375 0.034375 0.034375
0 0.378125 0.48203125 0.0171875 0.065625
0 0.534375 0.6375 0.015625 0.059375
0 0.19609375 0.63984375 0.0359375 0.028125