0 0.76484375 0.55859375 0.0359375 0.02734375
0 0.76171875 0.51015625 0.0375 0.02734375
0 0.8828125 0.50234375 0.0421875 0.03203125
0 0.08046875 0.646875 0.04296875 0.03125
0 0.82890625 0.553125 0.040625 0.0296875
0 0.7078125 0.5609375 0.0359375 0.028125
0 0.28828125 0.628125 0.03515625 0.028125
0 0.63828125 0.51484375 0.0359375 0.028125
0 0.296875 0.57890625 0.03515625 0.02734375
0 0.07265625 0.01875 0.040625 0.03203125
0 0.9578125 0.2078125 0.03359375 0.03046875
0 0.24296875 0.6296875 0.0328125 0.02578125
0 0.81484375 0.509375 0.0375 0.028125
0 0.6421875 0.56875 0.0390625 0.0296875
0 0.45 0.02578125 0.021875 0.0515625
0 0.45703125 0.25234375 0.01640625 0.06796875
0 0.196875 0.63984375 0.03671875 0.028125
0 0.40234375 0.675 0.01640625 0.06484375
0 0.453125 0.11640625 0.01796875 0.07890625
1 0.0796875 0.09296875 0.04375 0.0328125
0 0.49296875 0.19296875 0.015625 0.05703125
0 0.02109375 0.65390625 0.04140625 0.0328125
0 0.503125 0.60859375 0.01640625 0.065625
0 0.02578125 0.0453125 0.0203125 0.065625
0 0.39921875 0.02578125 0.015625 0.05078125