0 0.4421875 0.76484375 0.028125 0.0375
0 0.490625 0.76171875 0.028125 0.0375
0 0.353125 0.0796875 0.03125 0.04375
0 0.49921875 0.8828125 0.03125 0.04375
0 0.440625 0.70703125 0.028125 0.0359375
0 0.4484375 0.82890625 0.03125 0.040625
0 0.371875 0.28828125 0.028125 0.034375
0 0.4859375 0.63828125 0.028125 0.034375
0 0.49609375 0.8171875 0.0296875 0.0375
0 0.421875 0.296875 0.028125 0.034375
0 0.98125 0.07265625 0.03125 0.0390625
0 0.43203125 0.64140625 0.0296875 0.0375
0 0.79296875 0.9578125 0.0328125 0.0359375
0 0.34609375 0.0203125 0.0328125 0.040625
0 0.36640625 0.24375 0.025 0.034375
0 0.5046875 0.9640625 0.03125 0.04375
1 0.9078125 0.07890625 0.0328125 0.04375
0 0.75 0.45703125 0.06875 0.015625
0 0.75859375 0.37265625 0.0609375 0.015625
0 0.88359375 0.453125 0.08125 0.01875
0 0.97421875 0.44921875 0.05 0.021875
2 0.06171875 0.37265625 0.1234375 0.0375
0 0.596875 0.40390625 0.065625 0.015625
0 0.30546875 0.50703125 0.0625 0.015625
0 0.77890625 0.49609375 0.0796875 0.0171875
0 0.87890625 0.1203125 0.034375 0.0359375
0 0.08046875 0.53984375 0.0625 0.015625
0 0.77734375 0.52109375 0.0671875 0.0171875
0 0.77890625 0.52734375 0.06875 0.015625
0 0.14140625 0.415625 0.053125 0.0140625
0 0.3640625 0.19140625 0.0296875 0.034375