0 0.76171875 0.51015625 0.0375 0.02734375
0 0.76484375 0.55859375 0.0359375 0.0265625
0 0.8296875 0.553125 0.03984375 0.0296875
0 0.88359375 0.50390625 0.04296875 0.03203125
0 0.08046875 0.646875 0.04296875 0.03125
0 0.28828125 0.628125 0.03515625 0.028125
0 0.64140625 0.515625 0.03671875 0.028125
0 0.7078125 0.5609375 0.03671875 0.02890625
0 0.296875 0.578125 0.03515625 0.028125
0 0.95859375 0.2078125 0.034375 0.03046875
0 0.07734375 0.01796875 0.03984375 0.03203125
0 0.815625 0.509375 0.0375 0.028125
0 0.6421875 0.56875 0.0390625 0.0296875
0 0.24375 0.63359375 0.03359375 0.025
0 0.45703125 0.2515625 0.0171875 0.06875
0 0.45390625 0.11640625 0.01796875 0.08125
0 0.40390625 0.64140625 0.015625 0.06953125
0 0.45 0.01796875 0.01875 0.0359375
0 0.6984375 0.51015625 0.04453125 0.03125
0 0.0203125 0.653125 0.040625 0.0328125
0 0.11953125 0.11953125 0.03515625 0.034375
0 0.39921875 0.084375 0.015625 0.06328125
0 0.50546875 0.771875 0.015625 0.059375
0 0.5 0.33828125 0.015625 0.059375
0 0.196875 0.63984375 0.0359375 0.028125