0 0.01953125 0.65234375 0.0390625 0.0328125
0 0.7640625 0.5578125 0.0375 0.028125
0 0.82890625 0.55078125 0.0390625 0.03046875
0 0.76015625 0.50859375 0.03828125 0.028125
0 0.88203125 0.5 0.04375 0.03125
0 0.70703125 0.559375 0.03671875 0.028125
0 0.07890625 0.64765625 0.04375 0.03125
0 0.28828125 0.628125 0.03515625 0.028125
0 0.6375 0.5140625 0.03515625 0.02734375
0 0.81796875 0.503125 0.03828125 0.02890625
0 0.29609375 0.578125 0.03515625 0.02734375
0 0.07265625 0.01875 0.0390625 0.03125
0 0.64140625 0.5671875 0.03828125 0.03046875
0 0.95703125 0.20625 0.03515625 0.03203125
0 0.37265625 0.31875 0.015625 0.0671875
0 0.2421875 0.6296875 0.03359375 0.02578125
0 0.45625 0.25078125 0.01640625 0.06953125
0 0.11953125 0.12109375 0.03515625 0.03359375
0 0.1390625 0.64453125 0.0421875 0.03125
0 0.4953125 0.0265625 0.01484375 0.053125
0 0.45234375 0.11640625 0.01875 0.08203125
0 0.96484375 0.49453125 0.04453125 0.03203125
0 0.53984375 0.9828125 0.0171875 0.034375
0 0.44765625 0.025 0.0234375 0.05
0 0.378125 0.31484375 0.01796875 0.06796875
0 0.19609375 0.63984375 0.0359375 0.028125
0 0.38125 0.82265625 0.01875 0.0671875
0 0.37578125 0.81875 0.01640625 0.0671875
0 0.4 0.13359375 0.015625 0.0640625
1 0.07890625 0.09296875 0.04296875 0.0328125
0 0.5203125 0.28203125 0.0171875 0.06015625