0 0.98046875 0.65390625 0.0390625 0.03125
0 0.2359375 0.5578125 0.0375 0.028125
0 0.1171875 0.5 0.04375 0.03125
0 0.17109375 0.55 0.040625 0.03125
0 0.29296875 0.559375 0.0375 0.028125
0 0.23984375 0.50859375 0.0375 0.028125
0 0.921875 0.64765625 0.04375 0.03125
0 0.3625 0.5140625 0.034375 0.028125
0 0.86171875 0.6453125 0.04375 0.03125
0 0.1828125 0.503125 0.0375 0.0296875
0 0.7125 0.628125 0.034375 0.028125
0 0.70390625 0.57890625 0.034375 0.028125
0 0.75859375 0.63046875 0.0328125 0.025
0 0.809375 0.63671875 0.0359375 0.0296875
0 0.928125 0.01953125 0.0390625 0.03125
0 0.0421875 0.20546875 0.0359375 0.03125
0 0.359375 0.56796875 0.0375 0.03125
0 0.88203125 0.1203125 0.034375 0.034375
0 0.0359375 0.49453125 0.04375 0.0328125
0 0.54453125 0.2515625 0.015625 0.06875
0 0.60625 0.23671875 0.015625 0.065625
0 0.46875 0.48046875 0.015625 0.065625
0 0.54765625 0.11640625 0.01875 0.08125
0 0.45703125 0.90625 0.0203125 0.084375
0 0.48203125 0.078125 0.015625 0.0625
0 0.5515625 0.02421875 0.021875 0.0484375
1 0.928125 0.09375 0.04375 0.034375