0 0.76171875 0.51015625 0.0375 0.02734375
0 0.01875 0.64765625 0.0375 0.0328125
0 0.8296875 0.553125 0.03984375 0.0296875
0 0.76484375 0.55859375 0.0359375 0.02734375
0 0.7078125 0.5609375 0.0359375 0.028125
0 0.2875 0.625 0.03515625 0.028125
0 0.88359375 0.50390625 0.04296875 0.03125
0 0.0703125 0.01328125 0.03984375 0.0265625
0 0.63828125 0.5140625 0.03515625 0.028125
0 0.075 0.64375 0.04453125 0.0328125
0 0.29609375 0.575 0.03515625 0.02734375
0 0.18984375 0.6359375 0.03671875 0.0296875
0 0.93828125 0.215625 0.0375 0.03359375
0 0.815625 0.509375 0.03828125 0.028125
0 0.64453125 0.56796875 0.0375 0.03046875
1 0.96640625 0.49765625 0.046875 0.03203125
0 0.45625 0.24765625 0.01640625 0.0703125
0 0.453125 0.1125 0.01796875 0.08046875
0 0.49375 0.16640625 0.01640625 0.06328125
0 0.11796875 0.11328125 0.034375 0.03203125
0 0.3765625 0.590625 0.0171875 0.07265625
0 0.1359375 0.640625 0.04296875 0.03125
0 0.38203125 0.59765625 0.01796875 0.07265625
0 0.23984375 0.62578125 0.03359375 0.02578125
0 0.40390625 0.70234375 0.01796875 0.07734375
0 0.36953125 0.01015625 0.01796875 0.01953125