0 0.82890625 0.553125 0.040625 0.0296875
0 0.76484375 0.559375 0.03671875 0.02734375
0 0.2875 0.625 0.03515625 0.02734375
0 0.07578125 0.64375 0.04453125 0.0328125
0 0.01953125 0.64921875 0.03828125 0.03359375
0 0.88359375 0.503125 0.0421875 0.03203125
0 0.70703125 0.56015625 0.0359375 0.028125
0 0.76171875 0.509375 0.0375 0.02734375
0 0.0703125 0.01328125 0.03828125 0.0265625
0 0.63828125 0.5140625 0.03515625 0.028125
0 0.1890625 0.6359375 0.03671875 0.0296875
0 0.2953125 0.575 0.03515625 0.02734375
0 0.64453125 0.56796875 0.0375 0.03046875
0 0.81796875 0.5046875 0.03828125 0.02890625
0 0.24140625 0.6265625 0.03359375 0.025
0 0.9375 0.2140625 0.03671875 0.0328125
0 0.45625 0.24765625 0.01640625 0.0703125
0 0.453125 0.1125 0.01875 0.08203125
0 0.4015625 0.39140625 0.01640625 0.0671875
0 0.50859375 0.92109375 0.0171875 0.0734375
0 0.11875 0.1140625 0.034375 0.03203125
0 0.1359375 0.640625 0.04296875 0.03125
0 0.37109375 0.43828125 0.01796875 0.0671875
0 0.6953125 0.5078125 0.04765625 0.0421875
0 0.97109375 0.49453125 0.04453125 0.040625