0 0.17109375 0.553125 0.040625 0.03125
0 0.2359375 0.559375 0.0375 0.028125
0 0.98046875 0.64921875 0.0390625 0.034375
0 0.9234375 0.64375 0.04375 0.0328125
0 0.11640625 0.503125 0.0421875 0.03125
0 0.23828125 0.509375 0.0375 0.028125
0 0.29296875 0.56015625 0.0359375 0.028125
0 0.7125 0.625 0.034375 0.028125
0 0.9296875 0.01328125 0.0375 0.0265625
0 0.3625 0.5140625 0.034375 0.028125
0 0.81015625 0.6359375 0.0359375 0.0296875
0 0.703125 0.575 0.034375 0.028125
0 0.18203125 0.5046875 0.0375 0.028125
0 0.35859375 0.56796875 0.0375 0.0296875
0 0.0625 0.2140625 0.0375 0.034375
0 0.92578125 0.0859375 0.040625 0.03125
0 0.759375 0.62578125 0.0328125 0.025
0 0.54375 0.2484375 0.015625 0.0703125
0 0.88125 0.115625 0.034375 0.03125
0 0.5984375 0.51015625 0.015625 0.06875
0 0.546875 0.11328125 0.01875 0.08125
0 0.62734375 0.546875 0.0171875 0.0625
1 0.03515625 0.49765625 0.04375 0.03125
0 0.4921875 0.79453125 0.01875 0.08125
1 0.30546875 0.5125 0.0453125 0.03125