0 0.55859375 0.2359375 0.028125 0.0375
0 0.64609375 0.98125 0.0328125 0.0375
0 0.51328125 0.36328125 0.028125 0.0359375
0 0.559375 0.29296875 0.028125 0.0375
0 0.509375 0.2390625 0.028125 0.0375
0 0.50234375 0.1171875 0.03125 0.0421875
0 0.553125 0.1703125 0.03125 0.040625
0 0.63984375 0.92421875 0.03125 0.04375
0 0.5734375 0.70546875 0.028125 0.034375
0 0.50390625 0.18203125 0.028125 0.0375
0 0.01171875 0.92890625 0.0234375 0.0390625
0 0.621875 0.7140625 0.028125 0.034375
0 0.5671875 0.359375 0.03125 0.0375
0 0.63359375 0.80625 0.028125 0.0375
0 0.31484375 0.596875 0.0609375 0.015625
1 0.078125 0.92578125 0.03125 0.04375
0 0.63359375 0.86171875 0.03125 0.040625
0 0.17890625 0.62890625 0.065625 0.015625
0 0.11015625 0.88203125 0.03125 0.034375
0 0.24609375 0.54296875 0.0703125 0.015625
0 0.153125 0.50859375 0.065625 0.015625
0 0.11015625 0.546875 0.08125 0.01875
0 0.21484375 0.0625 0.034375 0.0375
0 0.4625 0.496875 0.06875 0.0171875
0 0.521875 0.6265625 0.065625 0.0171875
0 0.6671875 0.59765625 0.078125 0.01875
0 0.1640625 0.48046875 0.05625 0.015625
0 0.51875 0.62109375 0.065625 0.01875
0 0.63984375 0.87109375 0.03125 0.04375