0 0.35 0.98125 0.03125 0.0375
0 0.43984375 0.2359375 0.028125 0.0375
0 0.48984375 0.2390625 0.028125 0.0375
0 0.44609375 0.1703125 0.03125 0.040625
0 0.496875 0.1171875 0.03125 0.0421875
0 0.43984375 0.29296875 0.028125 0.0359375
0 0.3546875 0.92109375 0.03125 0.04375
0 0.3734375 0.7125 0.028125 0.034375
0 0.984375 0.928125 0.03125 0.0390625
0 0.48515625 0.35859375 0.028125 0.034375
0 0.3578125 0.86171875 0.03125 0.04375
0 0.790625 0.0515625 0.03125 0.0375
0 0.4234375 0.703125 0.028125 0.034375
0 0.43125 0.35546875 0.0296875 0.0375
0 0.490625 0.18515625 0.028125 0.0375
0 0.75 0.54375 0.0703125 0.015625
0 0.88203125 0.8796875 0.03125 0.034375
0 0.884375 0.546875 0.08125 0.01875
0 0.73828125 0.628125 0.06875 0.0171875
0 0.3671875 0.7578125 0.025 0.034375
0 0.41640625 0.628125 0.06875 0.015625
0 0.54765625 0.596875 0.08125 0.01875
1 0.48671875 0.30546875 0.03125 0.0453125
0 0.4078125 0.62265625 0.06875 0.01875
0 0.9328125 0.51015625 0.075 0.01875
1 0.503125 0.03515625 0.03125 0.04375