0 0.01953125 0.65546875 0.03828125 0.03203125
0 0.078125 0.6515625 0.04453125 0.03203125
0 0.7640625 0.5578125 0.0375 0.028125
0 0.82890625 0.55078125 0.03984375 0.03125
0 0.8828125 0.5 0.04296875 0.03203125
0 0.76015625 0.50859375 0.03828125 0.02890625
0 0.70703125 0.559375 0.03671875 0.028125
0 0.81640625 0.503125 0.03828125 0.0296875
0 0.640625 0.5140625 0.03515625 0.028125
0 0.24140625 0.63203125 0.03359375 0.02578125
0 0.18984375 0.63828125 0.0359375 0.0296875
0 0.07109375 0.0203125 0.0390625 0.0328125
0 0.2875 0.62890625 0.034375 0.028125
0 0.1375 0.646875 0.04296875 0.03125
0 0.296875 0.5796875 0.03515625 0.028125
0 0.640625 0.56796875 0.03828125 0.0296875
0 0.95703125 0.20546875 0.0359375 0.03125
0 0.1171875 0.12109375 0.03515625 0.03359375
0 0.45546875 0.2515625 0.01640625 0.06953125
0 0.96484375 0.4953125 0.04375 0.0328125
0 0.5328125 0.57578125 0.0171875 0.06328125
0 0.446875 0.025 0.02265625 0.04921875
0 0.4515625 0.11640625 0.01875 0.08203125
1 0.07421875 0.09375 0.04296875 0.03359375
0 0.5203125 0.22421875 0.01953125 0.078125