0 0.35234375 0.98203125 0.0328125 0.0359375
0 0.43984375 0.2359375 0.028125 0.0375
0 0.490625 0.2390625 0.028125 0.0375
0 0.49765625 0.1171875 0.03125 0.0421875
0 0.446875 0.171875 0.03125 0.040625
0 0.43984375 0.29296875 0.028125 0.0359375
0 0.3734375 0.7125 0.028125 0.034375
0 0.35546875 0.921875 0.0328125 0.04375
0 0.36171875 0.859375 0.03125 0.04375
0 0.4859375 0.3625 0.028125 0.034375
0 0.984375 0.928125 0.03125 0.0390625
0 0.4234375 0.703125 0.028125 0.034375
0 0.43203125 0.35859375 0.03125 0.0390625
0 0.49140625 0.18515625 0.028125 0.0375
0 0.790625 0.053125 0.03125 0.0390625
0 0.75 0.54375 0.071875 0.015625
0 0.88203125 0.88046875 0.03125 0.034375
0 0.884375 0.546875 0.0828125 0.01875
0 0.8140625 0.6296875 0.06875 0.015625
0 0.48984375 0.6296875 0.0671875 0.015625
0 0.85234375 0.50546875 0.075 0.0171875
0 0.36796875 0.7578125 0.025 0.034375
1 0.62890625 0.5984375 0.0796875 0.01875
1 0.503125 0.0359375 0.03125 0.04375
1 0.91484375 0.92109375 0.0328125 0.0421875
0 0.490625 0.30234375 0.03125 0.04375