0 0.82890625 0.553125 0.04140625 0.03046875
0 0.0765625 0.64453125 0.04375 0.03203125
0 0.01953125 0.64921875 0.0390625 0.03359375
0 0.7640625 0.559375 0.03671875 0.02734375
0 0.88359375 0.5015625 0.0421875 0.03125
0 0.7609375 0.509375 0.0375 0.02734375
0 0.2875 0.62578125 0.03515625 0.02734375
0 0.70703125 0.56015625 0.0359375 0.028125
0 0.06953125 0.0125 0.0390625 0.025
0 0.63828125 0.5140625 0.0359375 0.028125
0 0.18984375 0.6359375 0.03671875 0.02890625
0 0.81796875 0.5046875 0.03828125 0.02890625
0 0.29609375 0.575 0.03515625 0.02734375
0 0.64140625 0.56796875 0.03828125 0.03046875
0 0.075 0.0859375 0.040625 0.03046875
0 0.240625 0.62578125 0.03359375 0.025
0 0.45625 0.2484375 0.01640625 0.06953125
0 0.40390625 0.6859375 0.0171875 0.06953125
0 0.93828125 0.21484375 0.0375 0.03828125
0 0.453125 0.11328125 0.01875 0.08203125
0 0.11953125 0.11640625 0.034375 0.03203125
0 0.36875 0.10546875 0.0171875 0.06484375
0 0.1375 0.64140625 0.04375 0.03203125
0 0.37421875 0.70234375 0.0171875 0.0640625
1 0.9640625 0.49765625 0.04375 0.03125
0 0.50546875 0.6140625 0.0171875 0.075