0 0.01953125 0.6546875 0.0375 0.03125
0 0.7640625 0.5578125 0.0375 0.028125
0 0.078125 0.65 0.04375 0.03125
0 0.82890625 0.55078125 0.040625 0.03125
0 0.70703125 0.559375 0.0375 0.028125
0 0.8828125 0.5 0.04375 0.03125
0 0.76015625 0.50859375 0.0375 0.028125
0 0.8171875 0.503125 0.0375 0.028125
0 0.190625 0.640625 0.0359375 0.028125
0 0.13828125 0.64609375 0.04375 0.03125
0 0.6375 0.5140625 0.034375 0.028125
0 0.29609375 0.57890625 0.0359375 0.028125
0 0.28828125 0.62890625 0.034375 0.028125
0 0.24140625 0.63125 0.034375 0.025
0 0.071875 0.01953125 0.0390625 0.03125
0 0.9578125 0.20546875 0.0359375 0.03125
0 0.640625 0.56796875 0.0375 0.03125
0 0.9640625 0.4953125 0.04375 0.0328125
0 0.45546875 0.2515625 0.015625 0.0703125
0 0.51875 0.03828125 0.015625 0.065625
0 0.01484375 0.1109375 0.0296875 0.034375
0 0.4515625 0.11640625 0.01875 0.08125
0 0.446875 0.02421875 0.021875 0.0484375
0 0.11875 0.121875 0.034375 0.034375
0 0.5390625 0.83671875 0.01875 0.06875
0 0.39921875 0.72890625 0.015625 0.06875
0 0.53203125 0.45703125 0.01875 0.06875