0 0.76171875 0.51015625 0.0375 0.02734375
0 0.76484375 0.559375 0.0359375 0.02734375
0 0.8296875 0.55390625 0.03984375 0.0296875
0 0.8828125 0.50390625 0.04296875 0.03203125
0 0.0796875 0.64609375 0.04296875 0.03046875
0 0.7078125 0.5609375 0.0359375 0.028125
0 0.64140625 0.515625 0.0359375 0.028125
0 0.28828125 0.62734375 0.03515625 0.028125
0 0.0203125 0.65234375 0.040625 0.0328125
0 0.071875 0.01796875 0.040625 0.0328125
0 0.95859375 0.2078125 0.034375 0.03125
0 0.296875 0.578125 0.03515625 0.028125
0 0.815625 0.509375 0.03828125 0.028125
0 0.6421875 0.56875 0.0390625 0.0296875
0 0.24296875 0.63359375 0.034375 0.025
0 0.45703125 0.2515625 0.01640625 0.06875
0 0.50625 0.61875 0.01640625 0.06328125
0 0.45390625 0.11640625 0.01875 0.08046875
1 0.13984375 0.64296875 0.0421875 0.03203125
0 0.6984375 0.51015625 0.04453125 0.03125
0 0.41484375 0.80625 0.01640625 0.06640625
0 0.11953125 0.11875 0.034375 0.034375
0 0.52109375 0.12890625 0.01640625 0.06171875
0 0.45078125 0.009375 0.01796875 0.01875
0 0.38125 0.72265625 0.0171875 0.0640625
1 0.01484375 0.0671875 0.02890625 0.06328125
0 0.52734375 0.13515625 0.01484375 0.0609375
0 0.41015625 0.809375 0.015625 0.06640625
1 0.075 0.09140625 0.04375 0.03359375
0 0.19609375 0.63984375 0.0359375 0.028125
0 0.37578125 0.725 0.015625 0.0640625