0 0.7640625 0.559375 0.03671875 0.028125
0 0.01875 0.64609375 0.0375 0.03203125
0 0.70703125 0.559375 0.03671875 0.02890625
0 0.7609375 0.509375 0.03828125 0.02890625
0 0.8828125 0.5015625 0.0421875 0.03125
0 0.63671875 0.51328125 0.0359375 0.028125
0 0.82890625 0.55234375 0.04140625 0.03125
0 0.29453125 0.57421875 0.0359375 0.02734375
0 0.075 0.640625 0.04453125 0.03203125
0 0.28515625 0.62265625 0.034375 0.02734375
0 0.8171875 0.50390625 0.03828125 0.02890625
0 0.07109375 0.0125 0.0390625 0.02421875
0 0.63984375 0.5671875 0.0390625 0.03125
0 0.19375 0.63359375 0.0375 0.02890625
0 0.1375 0.634375 0.0421875 0.03125
1 0.07421875 0.078125 0.04296875 0.0328125
0 0.45625 0.24609375 0.0171875 0.0703125
0 0.396875 0.02578125 0.01796875 0.0515625
0 0.36875 0.01875 0.01875 0.0375
0 0.9375 0.21484375 0.03671875 0.034375
0 0.4953125 0.21484375 0.01640625 0.065625
0 0.37421875 0.684375 0.0171875 0.0703125
0 0.4515625 0.0671875 0.01875 0.084375
0 0.1171875 0.11015625 0.03359375 0.03203125
0 0.50859375 0.959375 0.0171875 0.0734375
0 0.5328125 0.67109375 0.015625 0.0671875
0 0.40234375 0.7875 0.01640625 0.0625
0 0.23984375 0.6234375 0.03359375 0.025
0 0.40390625 0.98046875 0.0171875 0.0390625
0 0.38046875 0.68515625 0.01796875 0.07109375
0 0.50078125 0.63125 0.0171875 0.06953125
0 0.52265625 0.240625 0.01875 0.07734375
0 0.96484375 0.49765625 0.04375 0.03125
0 0.12890625 0.63984375 0.04375 0.03125