0 0.653125 0.01953125 0.03125 0.0390625
0 0.5578125 0.7640625 0.028125 0.0375
0 0.55078125 0.82890625 0.03125 0.0390625
0 0.559375 0.70703125 0.028125 0.0359375
0 0.50859375 0.76015625 0.028125 0.0375
0 0.64765625 0.07890625 0.03125 0.04375
0 0.5 0.8828125 0.03125 0.04375
0 0.628125 0.28828125 0.028125 0.034375
0 0.5140625 0.6375 0.028125 0.034375
0 0.503125 0.8171875 0.028125 0.0375
0 0.578125 0.29609375 0.028125 0.034375
0 0.01953125 0.071875 0.03125 0.0390625
0 0.5671875 0.640625 0.03125 0.0375
0 0.20546875 0.9578125 0.03125 0.0359375
0 0.6453125 0.1390625 0.03125 0.0421875
0 0.63359375 0.24296875 0.025 0.034375
0 0.63671875 0.19140625 0.0296875 0.034375
0 0.44609375 0.3734375 0.065625 0.015625
0 0.25078125 0.45625 0.06875 0.015625
0 0.115625 0.45234375 0.08125 0.01875
0 0.02578125 0.4484375 0.05 0.021875
0 0.853125 0.5375 0.0671875 0.015625
0 0.49453125 0.96484375 0.03125 0.04375
0 0.12109375 0.11953125 0.034375 0.034375
0 0.2625 0.40078125 0.0625 0.015625
0 0.1484375 0.51953125 0.05625 0.015625
0 0.95 0.38125 0.06875 0.01875
0 0.95546875 0.375 0.065625 0.015625
0 0.5046875 0.69609375 0.034375 0.04375