0 0.17109375 0.553125 0.040625 0.03125
0 0.9234375 0.64453125 0.04375 0.03125
0 0.98046875 0.64921875 0.0390625 0.034375
0 0.2359375 0.559375 0.0375 0.028125
0 0.11640625 0.5015625 0.0421875 0.03125
0 0.2390625 0.509375 0.0375 0.028125
0 0.7125 0.62578125 0.034375 0.028125
0 0.29296875 0.56015625 0.0359375 0.028125
0 0.93046875 0.0125 0.0390625 0.025
0 0.36171875 0.5140625 0.0359375 0.028125
0 0.81015625 0.6359375 0.0375 0.028125
0 0.18203125 0.5046875 0.0375 0.028125
0 0.70390625 0.575 0.034375 0.028125
0 0.35859375 0.56796875 0.0375 0.03125
0 0.925 0.0859375 0.040625 0.03125
0 0.759375 0.62578125 0.034375 0.025
0 0.54375 0.2484375 0.015625 0.06875
0 0.59609375 0.6859375 0.0171875 0.06875
0 0.06171875 0.21484375 0.0375 0.0375
0 0.546875 0.11328125 0.01875 0.08125
0 0.88046875 0.11640625 0.034375 0.03125
0 0.63125 0.10546875 0.0171875 0.065625
0 0.8625 0.64140625 0.04375 0.03125
0 0.62578125 0.70234375 0.0171875 0.0640625
1 0.0359375 0.49765625 0.04375 0.03125
0 0.49453125 0.6140625 0.0171875 0.075