0 0.51015625 0.76171875 0.028125 0.0375
0 0.559375 0.76484375 0.028125 0.0359375
0 0.55390625 0.8296875 0.0296875 0.040625
0 0.50390625 0.8828125 0.03125 0.04375
0 0.64609375 0.0796875 0.03125 0.04375
0 0.5609375 0.7078125 0.028125 0.0359375
0 0.515625 0.64140625 0.028125 0.0359375
0 0.62734375 0.28828125 0.028125 0.034375
0 0.65234375 0.0203125 0.0328125 0.040625
0 0.01796875 0.071875 0.0328125 0.040625
0 0.2078125 0.95859375 0.03125 0.034375
0 0.578125 0.296875 0.028125 0.034375
0 0.509375 0.815625 0.028125 0.0375
0 0.56875 0.6421875 0.0296875 0.0390625
0 0.63359375 0.24296875 0.025 0.034375
0 0.2515625 0.45703125 0.06875 0.015625
0 0.61875 0.50625 0.0625 0.015625
0 0.11640625 0.45390625 0.08125 0.01875
1 0.64296875 0.13984375 0.03125 0.0421875
0 0.51015625 0.6984375 0.03125 0.04375
0 0.80625 0.41484375 0.065625 0.015625
0 0.11875 0.11953125 0.034375 0.034375
0 0.12890625 0.52109375 0.0625 0.015625
0 0.009375 0.45078125 0.01875 0.01875
0 0.72265625 0.38125 0.0640625 0.0171875
1 0.0671875 0.01484375 0.0625 0.028125
0 0.13515625 0.52734375 0.0609375 0.015625
0 0.809375 0.41015625 0.065625 0.015625
1 0.09140625 0.075 0.034375 0.04375
0 0.63984375 0.19609375 0.028125 0.0359375
0 0.725 0.37578125 0.0640625 0.015625