0 0.44140625 0.2359375 0.028125 0.0375
0 0.440625 0.29296875 0.028125 0.0375
0 0.3625 0.92578125 0.0328125 0.04375
0 0.48671875 0.36328125 0.028125 0.0359375
0 0.35390625 0.98125 0.0328125 0.0375
0 0.490625 0.2390625 0.028125 0.0375
0 0.49765625 0.1171875 0.03125 0.04375
0 0.44765625 0.1703125 0.03125 0.040625
0 0.4265625 0.70546875 0.028125 0.0359375
0 0.49609375 0.18203125 0.0296875 0.0375
0 0.3765625 0.7140625 0.028125 0.034375
0 0.98828125 0.92890625 0.0234375 0.0390625
0 0.36640625 0.80625 0.028125 0.0375
0 0.4328125 0.359375 0.03125 0.0375
0 0.940625 0.47890625 0.0765625 0.01875
0 0.9703125 0.50703125 0.059375 0.015625
0 0.36640625 0.8625 0.03125 0.0421875
0 0.7546875 0.54453125 0.06875 0.0171875
1 0.921875 0.9265625 0.0328125 0.04375
0 0.78515625 0.0625 0.034375 0.0375
0 0.21640625 0.49296875 0.06875 0.0171875
0 0.88984375 0.8828125 0.03125 0.034375
0 0.8125 0.62890625 0.0671875 0.015625
0 0.91015625 0.546875 0.08125 0.01875
0 0.74609375 0.6015625 0.075 0.01875
0 0.1265625 0.62578125 0.075 0.01875
0 0.5359375 0.5015625 0.06875 0.0171875
0 0.50234375 0.03515625 0.03125 0.04375
0 0.36015625 0.87109375 0.03125 0.04375