0 0.3453125 0.01953125 0.03125 0.0375
0 0.4421875 0.7640625 0.028125 0.0375
0 0.3515625 0.078125 0.03125 0.04375
0 0.44921875 0.82890625 0.03125 0.040625
0 0.5 0.8828125 0.03125 0.04375
0 0.49140625 0.76015625 0.028125 0.0375
0 0.440625 0.70703125 0.028125 0.0375
0 0.4859375 0.6375 0.028125 0.034375
0 0.496875 0.81640625 0.0296875 0.0375
0 0.35390625 0.13828125 0.03125 0.04375
0 0.36875 0.24140625 0.025 0.0328125
0 0.42109375 0.2953125 0.028125 0.034375
0 0.37109375 0.2875 0.028125 0.034375
0 0.3625 0.190625 0.0296875 0.0359375
0 0.79453125 0.9578125 0.03125 0.0359375
0 0.43203125 0.640625 0.03125 0.0375
0 0.98046875 0.071875 0.03125 0.0390625
0 0.5046875 0.96484375 0.0328125 0.04375
0 0.81640625 0.5203125 0.065625 0.015625
0 0.74921875 0.45546875 0.0703125 0.0171875
0 0.03125 0.5421875 0.0625 0.0171875
0 0.88359375 0.45234375 0.08125 0.01875
0 0.8890625 0.01484375 0.034375 0.0296875
0 0.878125 0.11875 0.034375 0.034375
0 0.4015625 0.5359375 0.08125 0.01875
0 0.97578125 0.446875 0.0484375 0.021875
0 0.43828125 0.3953125 0.0703125 0.0171875
0 0.4921875 0.69453125 0.03125 0.04375